0.0	2.0
1.0	1.5
2.0	2.0
3.0	2.5
4.0	2.2
5.0	2.5
6.0	2.2857142857142856
7.0	2.125
8.0	2.0
9.0	1.9
10.0	1.8181818181818181
11.0	1.75
12.0	1.6923076923076923
13.0	1.6428571428571428
14.0	1.6
15.0	1.5625
16.0	1.5294117647058822
17.0	1.6666666666666667
18.0	1.7894736842105263
19.0	1.9
20.0	2.0
21.0	2.090909090909091
22.0	2.0434782608695654
23.0	2.0
24.0	2.08
25.0	2.1538461538461537
26.0	2.2222222222222223
27.0	2.25
28.0	2.206896551724138
29.0	2.1666666666666665
30.0	2.1333333333333333
31.0	2.2333333333333334
32.0	2.1666666666666665
33.0	2.1666666666666665
34.0	2.1666666666666665
35.0	2.066666666666667
36.0	2.066666666666667
37.0	2.1666666666666665
38.0	2.1666666666666665
39.0	2.1666666666666665
40.0	2.1666666666666665
41.0	2.1666666666666665
42.0	2.1666666666666665
43.0	2.2333333333333334
44.0	2.2333333333333334
45.0	2.2666666666666666
46.0	2.2666666666666666
47.0	2.1333333333333333
48.0	2.033333333333333
49.0	1.9333333333333333
50.0	1.8333333333333333
51.0	1.7
52.0	1.8
53.0	1.8
54.0	1.7
55.0	1.7
56.0	1.6
57.0	1.6333333333333333
58.0	1.6333333333333333
59.0	1.6333333333333333
60.0	1.6
61.0	1.5
62.0	1.6
63.0	1.5
64.0	1.5
65.0	1.4666666666666666
66.0	1.4666666666666666
67.0	1.3666666666666667
68.0	1.3666666666666667
69.0	1.3666666666666667
70.0	1.3666666666666667
71.0	1.3666666666666667
72.0	1.3666666666666667
73.0	1.4
74.0	1.4333333333333333
75.0	1.4
76.0	1.4
77.0	1.4333333333333333
78.0	1.4333333333333333
79.0	1.5333333333333334
80.0	1.6
81.0	1.6666666666666667
82.0	1.5666666666666667
83.0	1.5666666666666667
84.0	1.5666666666666667
85.0	1.5333333333333334
86.0	1.5333333333333334
87.0	1.4333333333333333
88.0	1.5333333333333334
89.0	1.5333333333333334
90.0	1.6333333333333333
91.0	1.7333333333333334
92.0	1.6333333333333333
93.0	1.6666666666666667
94.0	1.7666666666666666
95.0	1.8333333333333333
96.0	1.8333333333333333
97.0	1.9
98.0	1.9
99.0	1.9
100.0	1.8666666666666667
101.0	1.8666666666666667
102.0	1.8666666666666667
103.0	1.7666666666666666
104.0	1.7333333333333334
105.0	1.8333333333333333
106.0	1.9333333333333333
107.0	1.9333333333333333
108.0	1.9333333333333333
109.0	1.8333333333333333
110.0	1.8666666666666667
111.0	1.8666666666666667
112.0	1.9666666666666666
113.0	2.066666666666667
114.0	2.1666666666666665
115.0	2.2
116.0	2.2
117.0	2.2
118.0	2.066666666666667
119.0	2.1666666666666665
120.0	2.1
121.0	2.0
122.0	2.1
123.0	2.066666666666667
124.0	1.9666666666666666
125.0	2.033333333333333
126.0	2.1333333333333333
127.0	2.1666666666666665
128.0	2.2666666666666666
129.0	2.3666666666666667
130.0	2.4
131.0	2.4
132.0	2.5
133.0	2.5
134.0	2.5
135.0	2.4
136.0	2.4
137.0	2.5
138.0	2.6
139.0	2.6666666666666665
140.0	2.6
141.0	2.533333333333333
142.0	2.433333333333333
143.0	2.3333333333333335
144.0	2.3333333333333335
145.0	2.2333333333333334
146.0	2.2666666666666666
147.0	2.2666666666666666
148.0	2.3
149.0	2.3
150.0	2.4
151.0	2.5
152.0	2.4
153.0	2.4
154.0	2.5
155.0	2.4
156.0	2.3
157.0	2.2
158.0	2.1
159.0	2.066666666666667
160.0	2.066666666666667
161.0	2.1666666666666665
162.0	2.066666666666667
163.0	2.066666666666667
164.0	2.1666666666666665
165.0	2.1666666666666665
166.0	2.066666666666667
167.0	2.066666666666667
168.0	2.033333333333333
169.0	1.9333333333333333
170.0	2.0
171.0	2.1
172.0	2.066666666666667
173.0	2.1666666666666665
174.0	2.1
175.0	2.1
176.0	2.066666666666667
177.0	2.1666666666666665
178.0	2.2666666666666666
179.0	2.2
180.0	2.1
181.0	2.1
182.0	2.1
183.0	2.066666666666667
184.0	2.066666666666667
185.0	2.1666666666666665
186.0	2.1333333333333333
187.0	2.2333333333333334
188.0	2.3
189.0	2.2333333333333334
190.0	2.2333333333333334
191.0	2.2333333333333334
192.0	2.3333333333333335
193.0	2.3333333333333335
194.0	2.3333333333333335
195.0	2.433333333333333
196.0	2.533333333333333
197.0	2.533333333333333
198.0	2.466666666666667
199.0	2.5
200.0	2.5
201.0	2.433333333333333
202.0	2.566666666666667
203.0	2.566666666666667
204.0	2.533333333333333
205.0	2.6333333333333333
206.0	2.6333333333333333
207.0	2.6333333333333333
208.0	2.533333333333333
209.0	2.6
210.0	2.566666666666667
211.0	2.433333333333333
212.0	2.433333333333333
213.0	2.566666666666667
214.0	2.466666666666667
215.0	2.466666666666667
216.0	2.5
217.0	2.4
218.0	2.433333333333333
219.0	2.4
220.0	2.466666666666667
221.0	2.3666666666666667
222.0	2.2666666666666666
223.0	2.3666666666666667
224.0	2.3666666666666667
225.0	2.3
226.0	2.2666666666666666
227.0	2.1666666666666665
228.0	2.2
229.0	2.1666666666666665
230.0	2.1666666666666665
231.0	2.1666666666666665
232.0	2.066666666666667
233.0	2.0
234.0	1.9666666666666666
235.0	1.8666666666666667
236.0	1.9666666666666666
237.0	1.8333333333333333
238.0	1.8333333333333333
239.0	1.8333333333333333
240.0	1.8333333333333333
241.0	1.9666666666666666
242.0	1.9666666666666666
243.0	1.8666666666666667
244.0	1.9666666666666666
245.0	1.8333333333333333
246.0	1.9
247.0	1.9666666666666666
248.0	1.8666666666666667
249.0	1.9
250.0	1.9333333333333333
251.0	1.9
252.0	2.0
253.0	1.9
254.0	1.7666666666666666
255.0	1.8
256.0	1.7
257.0	1.8
258.0	1.7666666666666666
259.0	1.8333333333333333
260.0	1.7333333333333334
261.0	1.7333333333333334
262.0	1.8
263.0	1.8333333333333333
264.0	1.8666666666666667
265.0	1.9333333333333333
266.0	1.8333333333333333
267.0	1.9666666666666666
268.0	1.9333333333333333
269.0	1.9333333333333333
270.0	1.9666666666666666
271.0	1.9666666666666666
272.0	2.066666666666667
273.0	2.066666666666667
274.0	2.066666666666667
275.0	2.066666666666667
276.0	2.1
277.0	2.0
278.0	2.033333333333333
279.0	2.1333333333333333
280.0	2.1
281.0	2.1666666666666665
282.0	2.1
283.0	2.1666666666666665
284.0	2.2
285.0	2.1333333333333333
286.0	2.2333333333333334
287.0	2.2333333333333334
288.0	2.2333333333333334
289.0	2.1666666666666665
290.0	2.2666666666666666
291.0	2.3
292.0	2.2
293.0	2.2
294.0	2.1666666666666665
295.0	2.2
296.0	2.2
297.0	2.2
298.0	2.3
299.0	2.1666666666666665
300.0	2.2333333333333334
301.0	2.2
302.0	2.2
303.0	2.3
304.0	2.3
305.0	2.3333333333333335
306.0	2.2
307.0	2.2333333333333334
308.0	2.3
309.0	2.3
310.0	2.2333333333333334
311.0	2.2
312.0	2.1666666666666665
313.0	2.2
314.0	2.1666666666666665
315.0	2.2
316.0	2.1
317.0	2.0
318.0	2.0
319.0	2.0
320.0	1.8666666666666667
321.0	1.9
322.0	2.033333333333333
323.0	1.9666666666666666
324.0	2.066666666666667
325.0	1.9666666666666666
326.0	1.9333333333333333
327.0	1.9333333333333333
328.0	1.9333333333333333
329.0	1.9333333333333333
330.0	1.8666666666666667
331.0	1.7666666666666666
332.0	1.7666666666666666
333.0	1.6666666666666667
334.0	1.6
335.0	1.7
336.0	1.7
337.0	1.6666666666666667
338.0	1.5666666666666667
339.0	1.5333333333333334
340.0	1.5
341.0	1.6
342.0	1.6666666666666667
343.0	1.5333333333333334
344.0	1.5333333333333334
345.0	1.5333333333333334
346.0	1.6666666666666667
347.0	1.7666666666666666
348.0	1.8666666666666667
349.0	1.9
350.0	2.033333333333333
351.0	2.033333333333333
352.0	1.9
353.0	1.8666666666666667
354.0	1.8333333333333333
355.0	1.8333333333333333
356.0	1.9
357.0	1.9
358.0	1.8666666666666667
359.0	1.9666666666666666
360.0	2.0
361.0	2.033333333333333
362.0	1.9
363.0	2.0
364.0	1.9666666666666666
365.0	1.9666666666666666
366.0	2.0
367.0	2.066666666666667
368.0	2.1666666666666665
369.0	2.2
370.0	2.3
371.0	2.1666666666666665
372.0	2.1333333333333333
373.0	2.1666666666666665
374.0	2.2666666666666666
375.0	2.2666666666666666
376.0	2.1333333333333333
377.0	2.033333333333333
378.0	1.9333333333333333
379.0	1.9
380.0	1.8
381.0	1.7
382.0	1.7
383.0	1.7
384.0	1.6333333333333333
385.0	1.7333333333333334
386.0	1.7333333333333334
387.0	1.6666666666666667
388.0	1.7333333333333334
389.0	1.6666666666666667
390.0	1.6333333333333333
391.0	1.6
392.0	1.6
393.0	1.5666666666666667
394.0	1.5666666666666667
395.0	1.4666666666666666
396.0	1.4666666666666666
397.0	1.5
398.0	1.5
399.0	1.5
400.0	1.4
401.0	1.4
402.0	1.3333333333333333
403.0	1.4
404.0	1.3
405.0	1.2666666666666666
406.0	1.3
407.0	1.2666666666666666
408.0	1.2666666666666666
409.0	1.3
410.0	1.3333333333333333
411.0	1.3666666666666667
412.0	1.5
413.0	1.6333333333333333
414.0	1.7
415.0	1.7
416.0	1.6666666666666667
417.0	1.6666666666666667
418.0	1.5333333333333334
419.0	1.5333333333333334
420.0	1.5
421.0	1.5
422.0	1.5
423.0	1.4333333333333333
424.0	1.4666666666666666
425.0	1.4333333333333333
426.0	1.5
427.0	1.4333333333333333
428.0	1.3
429.0	1.2666666666666666
430.0	1.3666666666666667
431.0	1.3666666666666667
432.0	1.3666666666666667
433.0	1.3
434.0	1.4333333333333333
435.0	1.4666666666666666
436.0	1.5666666666666667
437.0	1.6
438.0	1.6
439.0	1.6666666666666667
440.0	1.6
441.0	1.5666666666666667
442.0	1.5666666666666667
443.0	1.5666666666666667
444.0	1.5333333333333334
445.0	1.4
446.0	1.5
447.0	1.5666666666666667
448.0	1.5666666666666667
449.0	1.5333333333333334
450.0	1.5666666666666667
451.0	1.6
452.0	1.6
453.0	1.6
454.0	1.5333333333333334
455.0	1.5666666666666667
456.0	1.5
457.0	1.5
458.0	1.5666666666666667
459.0	1.4666666666666666
460.0	1.3666666666666667
461.0	1.3666666666666667
462.0	1.3666666666666667
463.0	1.4333333333333333
464.0	1.3
465.0	1.3666666666666667
466.0	1.3666666666666667
467.0	1.4666666666666666
468.0	1.5
469.0	1.4333333333333333
470.0	1.5
471.0	1.5666666666666667
472.0	1.4666666666666666
473.0	1.3666666666666667
474.0	1.4666666666666666
475.0	1.6
476.0	1.5
477.0	1.5
478.0	1.5333333333333334
479.0	1.5666666666666667
480.0	1.5333333333333334
481.0	1.5
482.0	1.5
483.0	1.6
484.0	1.6
485.0	1.6
486.0	1.5666666666666667
487.0	1.5333333333333334
488.0	1.6
489.0	1.6
490.0	1.6666666666666667
491.0	1.8
492.0	1.9333333333333333
493.0	1.8333333333333333
494.0	1.8666666666666667
495.0	1.7666666666666666
496.0	1.7666666666666666
497.0	1.6333333333333333
498.0	1.7
499.0	1.8
500.0	1.8
501.0	1.7333333333333334
502.0	1.7
503.0	1.7
504.0	1.7
505.0	1.6
506.0	1.6
507.0	1.4666666666666666
508.0	1.5
509.0	1.5
510.0	1.6
511.0	1.6333333333333333
512.0	1.6333333333333333
513.0	1.5333333333333334
514.0	1.6666666666666667
515.0	1.7
516.0	1.7
517.0	1.7333333333333334
518.0	1.6
519.0	1.6333333333333333
520.0	1.6666666666666667
521.0	1.5333333333333334
522.0	1.5
523.0	1.6333333333333333
524.0	1.6
525.0	1.5666666666666667
526.0	1.4333333333333333
527.0	1.4333333333333333
528.0	1.3666666666666667
529.0	1.2666666666666666
530.0	1.2666666666666666
531.0	1.4
532.0	1.5333333333333334
533.0	1.5
534.0	1.3666666666666667
535.0	1.4333333333333333
536.0	1.4666666666666666
537.0	1.6
538.0	1.5333333333333334
539.0	1.5
540.0	1.5333333333333334
541.0	1.5333333333333334
542.0	1.5333333333333334
543.0	1.5666666666666667
544.0	1.5666666666666667
545.0	1.6
546.0	1.6333333333333333
547.0	1.7333333333333334
548.0	1.7666666666666666
549.0	1.8333333333333333
550.0	1.7333333333333334
551.0	1.7666666666666666
552.0	1.6666666666666667
553.0	1.5333333333333334
554.0	1.6666666666666667
555.0	1.8
556.0	1.8333333333333333
557.0	1.8333333333333333
558.0	1.9
559.0	1.8666666666666667
560.0	1.8
561.0	1.6666666666666667
562.0	1.6333333333333333
563.0	1.7666666666666666
564.0	1.7666666666666666
565.0	1.7
566.0	1.7
567.0	1.6333333333333333
568.0	1.7666666666666666
569.0	1.7666666666666666
570.0	1.6333333333333333
571.0	1.7333333333333334
572.0	1.7666666666666666
573.0	1.8
574.0	1.6666666666666667
575.0	1.5666666666666667
576.0	1.5333333333333334
577.0	1.4333333333333333
578.0	1.4666666666666666
579.0	1.4666666666666666
580.0	1.5333333333333334
581.0	1.5666666666666667
582.0	1.7
583.0	1.7
584.0	1.5666666666666667
585.0	1.4333333333333333
586.0	1.4
587.0	1.5
588.0	1.4666666666666666
589.0	1.6
590.0	1.6
591.0	1.7
592.0	1.6
593.0	1.5
594.0	1.5333333333333334
595.0	1.5333333333333334
596.0	1.6
597.0	1.6333333333333333
598.0	1.5
599.0	1.6333333333333333
600.0	1.6333333333333333
601.0	1.5333333333333334
602.0	1.5666666666666667
603.0	1.5
604.0	1.5666666666666667
605.0	1.5666666666666667
606.0	1.5666666666666667
607.0	1.5666666666666667
608.0	1.5
609.0	1.4666666666666666
610.0	1.4
611.0	1.4666666666666666
612.0	1.3333333333333333
613.0	1.4666666666666666
614.0	1.4666666666666666
615.0	1.5
616.0	1.5
617.0	1.5
618.0	1.4
619.0	1.2666666666666666
620.0	1.4
621.0	1.3
622.0	1.3
623.0	1.3666666666666667
624.0	1.4666666666666666
625.0	1.4333333333333333
626.0	1.3
627.0	1.3333333333333333
628.0	1.3666666666666667
629.0	1.3333333333333333
630.0	1.4333333333333333
631.0	1.5333333333333334
632.0	1.6
633.0	1.6
634.0	1.6666666666666667
635.0	1.7
636.0	1.8333333333333333
637.0	1.8333333333333333
638.0	1.9
639.0	1.8666666666666667
640.0	1.8666666666666667
641.0	1.7666666666666666
642.0	1.8
643.0	1.6666666666666667
644.0	1.8
645.0	1.8
646.0	1.8
647.0	1.8
648.0	1.8666666666666667
649.0	2.0
650.0	1.9666666666666666
651.0	2.0
652.0	2.033333333333333
653.0	2.0
654.0	1.8666666666666667
655.0	1.9
656.0	1.9
657.0	1.7666666666666666
658.0	1.7333333333333334
659.0	1.6666666666666667
660.0	1.6
661.0	1.5666666666666667
662.0	1.5666666666666667
663.0	1.6666666666666667
664.0	1.6666666666666667
665.0	1.6333333333333333
666.0	1.6333333333333333
667.0	1.6333333333333333
668.0	1.6
669.0	1.6
670.0	1.7
671.0	1.7333333333333334
672.0	1.7333333333333334
673.0	1.7333333333333334
674.0	1.7
675.0	1.7333333333333334
676.0	1.7333333333333334
677.0	1.6666666666666667
678.0	1.6
679.0	1.6
680.0	1.5
681.0	1.4666666666666666
682.0	1.4333333333333333
683.0	1.5
684.0	1.5
685.0	1.4666666666666666
686.0	1.6
687.0	1.6
688.0	1.6
689.0	1.6
690.0	1.5666666666666667
691.0	1.4666666666666666
692.0	1.3333333333333333
693.0	1.2
694.0	1.1666666666666667
695.0	1.1666666666666667
696.0	1.1666666666666667
697.0	1.1333333333333333
698.0	1.1333333333333333
699.0	1.1
700.0	1.0
701.0	1.0
702.0	0.9666666666666667
703.0	1.0
704.0	0.9333333333333333
705.0	0.8666666666666667
706.0	0.8666666666666667
707.0	0.8333333333333334
708.0	0.8333333333333334
709.0	0.7333333333333333
710.0	0.8
711.0	0.8
712.0	0.9333333333333333
713.0	0.8
714.0	0.8
715.0	0.8
716.0	0.7
717.0	0.7
718.0	0.8333333333333334
719.0	0.8333333333333334
720.0	0.8333333333333334
721.0	0.8666666666666667
722.0	0.8666666666666667
723.0	0.9
724.0	0.8666666666666667
725.0	0.9333333333333333
726.0	0.8
727.0	0.8666666666666667
728.0	0.8333333333333334
729.0	0.9666666666666667
730.0	1.1
731.0	1.0666666666666667
732.0	1.1333333333333333
733.0	1.1333333333333333
734.0	1.1333333333333333
735.0	1.1666666666666667
736.0	1.2333333333333334
737.0	1.3
738.0	1.3666666666666667
739.0	1.3333333333333333
740.0	1.2666666666666666
741.0	1.2666666666666666
742.0	1.1333333333333333
743.0	1.1333333333333333
744.0	1.2666666666666666
745.0	1.3666666666666667
746.0	1.4666666666666666
747.0	1.4666666666666666
748.0	1.3333333333333333
749.0	1.4333333333333333
750.0	1.5
751.0	1.4666666666666666
752.0	1.4666666666666666
753.0	1.4666666666666666
754.0	1.5
755.0	1.4666666666666666
756.0	1.6
757.0	1.5333333333333334
758.0	1.6
759.0	1.4666666666666666
760.0	1.3333333333333333
761.0	1.4
762.0	1.4
763.0	1.3666666666666667
764.0	1.3666666666666667
765.0	1.3666666666666667
766.0	1.3333333333333333
767.0	1.3
768.0	1.2666666666666666
769.0	1.3333333333333333
770.0	1.3666666666666667
771.0	1.4666666666666666
772.0	1.5666666666666667
773.0	1.6666666666666667
774.0	1.6333333333333333
775.0	1.6
776.0	1.6
777.0	1.6
778.0	1.6333333333333333
779.0	1.6
780.0	1.5333333333333334
781.0	1.5666666666666667
782.0	1.5666666666666667
783.0	1.6666666666666667
784.0	1.5666666666666667
785.0	1.6666666666666667
786.0	1.5666666666666667
787.0	1.6666666666666667
788.0	1.6
789.0	1.6333333333333333
790.0	1.7666666666666666
791.0	1.7333333333333334
792.0	1.6666666666666667
793.0	1.6666666666666667
794.0	1.6666666666666667
795.0	1.7666666666666666
796.0	1.7333333333333334
797.0	1.8333333333333333
798.0	1.8
799.0	1.8333333333333333
800.0	1.8
801.0	1.7
802.0	1.7333333333333334
803.0	1.7666666666666666
804.0	1.7666666666666666
805.0	1.8333333333333333
806.0	1.8333333333333333
807.0	1.8333333333333333
808.0	1.9333333333333333
809.0	1.8333333333333333
810.0	1.9666666666666666
811.0	2.033333333333333
812.0	2.033333333333333
813.0	1.9
814.0	1.9
815.0	1.8333333333333333
816.0	1.8
817.0	1.7
818.0	1.8
819.0	1.8
820.0	1.6666666666666667
821.0	1.6333333333333333
822.0	1.6333333333333333
823.0	1.6333333333333333
824.0	1.7333333333333334
825.0	1.7333333333333334
826.0	1.7333333333333334
827.0	1.6
828.0	1.6333333333333333
829.0	1.5333333333333334
830.0	1.6666666666666667
831.0	1.8
832.0	1.6666666666666667
833.0	1.5333333333333334
834.0	1.5333333333333334
835.0	1.4666666666666666
836.0	1.3333333333333333
837.0	1.3333333333333333
838.0	1.2
839.0	1.3333333333333333
840.0	1.2333333333333334
841.0	1.1666666666666667
842.0	1.2
843.0	1.2
844.0	1.2
845.0	1.1333333333333333
846.0	1.1333333333333333
847.0	1.1333333333333333
848.0	1.0333333333333334
849.0	1.0333333333333334
850.0	1.0333333333333334
851.0	1.0
852.0	1.0
853.0	1.0666666666666667
854.0	0.9666666666666667
855.0	0.9666666666666667
856.0	0.9666666666666667
857.0	1.1
858.0	1.2
859.0	1.2
860.0	1.1
861.0	1.0
862.0	1.0666666666666667
863.0	1.1333333333333333
864.0	1.0333333333333334
865.0	1.0
866.0	1.0
867.0	1.1
868.0	1.1
869.0	1.0
870.0	0.9666666666666667
871.0	0.9666666666666667
872.0	0.9666666666666667
873.0	0.9666666666666667
874.0	0.9666666666666667
875.0	1.0666666666666667
876.0	1.0666666666666667
877.0	1.1333333333333333
878.0	1.2666666666666666
879.0	1.2333333333333334
880.0	1.2666666666666666
881.0	1.3333333333333333
882.0	1.3333333333333333
883.0	1.4
884.0	1.4
885.0	1.4
886.0	1.4
887.0	1.3
888.0	1.2
889.0	1.2
890.0	1.3
891.0	1.3
892.0	1.3333333333333333
893.0	1.2666666666666666
894.0	1.2666666666666666
895.0	1.3666666666666667
896.0	1.3666666666666667
897.0	1.3
898.0	1.3333333333333333
899.0	1.4333333333333333
900.0	1.5333333333333334
901.0	1.5
902.0	1.4666666666666666
903.0	1.5
904.0	1.6333333333333333
905.0	1.6333333333333333
906.0	1.6333333333333333
907.0	1.5666666666666667
908.0	1.4666666666666666
909.0	1.5333333333333334
910.0	1.5
911.0	1.4333333333333333
912.0	1.5666666666666667
913.0	1.5333333333333334
914.0	1.6333333333333333
915.0	1.6333333333333333
916.0	1.6333333333333333
917.0	1.6
918.0	1.6333333333333333
919.0	1.6666666666666667
920.0	1.5333333333333334
921.0	1.5
922.0	1.5333333333333334
923.0	1.6666666666666667
924.0	1.7
925.0	1.5666666666666667
926.0	1.5666666666666667
927.0	1.5333333333333334
928.0	1.6333333333333333
929.0	1.5333333333333334
930.0	1.4333333333333333
931.0	1.4333333333333333
932.0	1.4666666666666666
933.0	1.5333333333333334
934.0	1.5333333333333334
935.0	1.4333333333333333
936.0	1.5333333333333334
937.0	1.6
938.0	1.5666666666666667
939.0	1.5333333333333334
940.0	1.5333333333333334
941.0	1.5666666666666667
942.0	1.4666666666666666
943.0	1.3666666666666667
944.0	1.2333333333333334
945.0	1.2333333333333334
946.0	1.2666666666666666
947.0	1.3
948.0	1.2333333333333334
949.0	1.3
950.0	1.4333333333333333
951.0	1.4333333333333333
952.0	1.3333333333333333
953.0	1.3333333333333333
954.0	1.3333333333333333
955.0	1.3333333333333333
956.0	1.4666666666666666
957.0	1.4666666666666666
958.0	1.4666666666666666
959.0	1.4333333333333333
960.0	1.4666666666666666
961.0	1.5
962.0	1.4666666666666666
963.0	1.5
964.0	1.5
965.0	1.5
966.0	1.4333333333333333
967.0	1.4
968.0	1.4
969.0	1.3666666666666667
970.0	1.4
971.0	1.4333333333333333
972.0	1.4666666666666666
973.0	1.6
974.0	1.6333333333333333
975.0	1.5
976.0	1.5333333333333334
977.0	1.5
978.0	1.5
979.0	1.4
980.0	1.3
981.0	1.3666666666666667
982.0	1.3333333333333333
983.0	1.2
984.0	1.3
985.0	1.3
986.0	1.2666666666666666
987.0	1.2666666666666666
988.0	1.2666666666666666
989.0	1.2666666666666666
990.0	1.3666666666666667
991.0	1.4666666666666666
992.0	1.5
993.0	1.5
994.0	1.4
995.0	1.5
996.0	1.4666666666666666
997.0	1.4333333333333333
998.0	1.4666666666666666
999.0	1.4666666666666666
1000.0	1.4333333333333333
1001.0	1.4333333333333333
1002.0	1.3666666666666667
1003.0	1.3
1004.0	1.2666666666666666
1005.0	1.3
1006.0	1.2333333333333334
1007.0	1.2333333333333334
1008.0	1.2333333333333334
1009.0	1.2333333333333334
1010.0	1.2
1011.0	1.1333333333333333
1012.0	1.1666666666666667
1013.0	1.1666666666666667
1014.0	1.0333333333333334
1015.0	1.1666666666666667
1016.0	1.0666666666666667
1017.0	1.0666666666666667
1018.0	0.9666666666666667
1019.0	1.1
1020.0	1.0
1021.0	0.8666666666666667
1022.0	0.9333333333333333
1023.0	0.8666666666666667
1024.0	0.9333333333333333
1025.0	0.8333333333333334
1026.0	0.8333333333333334
1027.0	0.8666666666666667
1028.0	0.9666666666666667
1029.0	1.0333333333333334
1030.0	1.0333333333333334
1031.0	1.0
1032.0	1.0
1033.0	0.9666666666666667
1034.0	0.9666666666666667
1035.0	0.9666666666666667
1036.0	1.0
1037.0	1.1333333333333333
1038.0	1.1666666666666667
1039.0	1.3
1040.0	1.4333333333333333
1041.0	1.4333333333333333
1042.0	1.5333333333333334
1043.0	1.5333333333333334
1044.0	1.5333333333333334
1045.0	1.5333333333333334
1046.0	1.5666666666666667
1047.0	1.5666666666666667
1048.0	1.5333333333333334
1049.0	1.5
1050.0	1.6
1051.0	1.6
1052.0	1.6
1053.0	1.5333333333333334
1054.0	1.5666666666666667
1055.0	1.5666666666666667
1056.0	1.5666666666666667
1057.0	1.5333333333333334
1058.0	1.4
1059.0	1.4333333333333333
1060.0	1.5666666666666667
1061.0	1.5333333333333334
1062.0	1.5666666666666667
1063.0	1.5666666666666667
1064.0	1.5666666666666667
1065.0	1.6666666666666667
1066.0	1.6666666666666667
1067.0	1.6666666666666667
1068.0	1.6333333333333333
1069.0	1.5333333333333334
1070.0	1.5333333333333334
1071.0	1.5333333333333334
1072.0	1.4333333333333333
1073.0	1.4333333333333333
1074.0	1.5
1075.0	1.3666666666666667
1076.0	1.3333333333333333
1077.0	1.3333333333333333
1078.0	1.4333333333333333
1079.0	1.3666666666666667
1080.0	1.2333333333333334
1081.0	1.2333333333333334
1082.0	1.1333333333333333
1083.0	1.1666666666666667
1084.0	1.0333333333333334
1085.0	1.0666666666666667
1086.0	1.0666666666666667
1087.0	1.1
1088.0	1.1
1089.0	1.0
1090.0	1.0
1091.0	1.1333333333333333
1092.0	1.1
1093.0	1.0666666666666667
1094.0	1.2
1095.0	1.1333333333333333
1096.0	1.1333333333333333
1097.0	1.0
1098.0	1.0
1099.0	1.0333333333333334
1100.0	0.9333333333333333
1101.0	1.0666666666666667
1102.0	1.0666666666666667
1103.0	1.1
1104.0	1.0666666666666667
1105.0	1.0666666666666667
1106.0	1.0666666666666667
1107.0	1.1333333333333333
1108.0	1.0333333333333334
1109.0	1.1333333333333333
1110.0	1.2666666666666666
1111.0	1.2666666666666666
1112.0	1.3
1113.0	1.4
1114.0	1.4
1115.0	1.3666666666666667
1116.0	1.5
1117.0	1.5
1118.0	1.5
1119.0	1.5
1120.0	1.3666666666666667
1121.0	1.3666666666666667
1122.0	1.3666666666666667
1123.0	1.3666666666666667
1124.0	1.3333333333333333
1125.0	1.3666666666666667
1126.0	1.3333333333333333
1127.0	1.3333333333333333
1128.0	1.4666666666666666
1129.0	1.5333333333333334
1130.0	1.5
1131.0	1.3666666666666667
1132.0	1.3333333333333333
1133.0	1.4333333333333333
1134.0	1.4
1135.0	1.4
1136.0	1.4333333333333333
1137.0	1.3666666666666667
1138.0	1.5
1139.0	1.3666666666666667
1140.0	1.2333333333333334
1141.0	1.2666666666666666
1142.0	1.3333333333333333
1143.0	1.3
1144.0	1.3
1145.0	1.3333333333333333
1146.0	1.2
1147.0	1.2666666666666666
1148.0	1.4
1149.0	1.4
1150.0	1.4
1151.0	1.3
1152.0	1.4333333333333333
1153.0	1.4333333333333333
1154.0	1.3333333333333333
1155.0	1.2666666666666666
1156.0	1.4
1157.0	1.4
1158.0	1.3
1159.0	1.3
1160.0	1.4333333333333333
1161.0	1.4333333333333333
1162.0	1.5
1163.0	1.3666666666666667
1164.0	1.3666666666666667
1165.0	1.5
1166.0	1.5
1167.0	1.5666666666666667
1168.0	1.5
1169.0	1.5
1170.0	1.5
1171.0	1.5333333333333334
1172.0	1.4333333333333333
1173.0	1.3333333333333333
1174.0	1.4666666666666666
1175.0	1.5
1176.0	1.5333333333333334
1177.0	1.5
1178.0	1.4666666666666666
1179.0	1.6
1180.0	1.6333333333333333
1181.0	1.6
1182.0	1.5333333333333334
1183.0	1.5333333333333334
1184.0	1.6
1185.0	1.5666666666666667
1186.0	1.4333333333333333
1187.0	1.5
1188.0	1.5
1189.0	1.3666666666666667
1190.0	1.2333333333333334
1191.0	1.3666666666666667
1192.0	1.4
1193.0	1.4
1194.0	1.4
1195.0	1.2666666666666666
1196.0	1.3666666666666667
1197.0	1.4333333333333333
1198.0	1.3666666666666667
1199.0	1.4
1200.0	1.4
1201.0	1.4333333333333333
1202.0	1.4333333333333333
1203.0	1.4666666666666666
1204.0	1.3666666666666667
1205.0	1.3
1206.0	1.4
1207.0	1.3333333333333333
1208.0	1.2333333333333334
1209.0	1.1333333333333333
1210.0	1.1
1211.0	1.2
1212.0	1.1333333333333333
1213.0	1.1333333333333333
1214.0	1.1333333333333333
1215.0	1.1333333333333333
1216.0	1.2666666666666666
1217.0	1.2
1218.0	1.3
1219.0	1.3333333333333333
1220.0	1.3333333333333333
1221.0	1.3333333333333333
1222.0	1.2333333333333334
1223.0	1.3666666666666667
1224.0	1.4666666666666666
1225.0	1.4666666666666666
1226.0	1.4
1227.0	1.4
1228.0	1.4333333333333333
1229.0	1.5333333333333334
1230.0	1.5666666666666667
1231.0	1.4666666666666666
1232.0	1.4666666666666666
1233.0	1.5666666666666667
1234.0	1.5333333333333334
1235.0	1.5333333333333334
1236.0	1.4
1237.0	1.4
1238.0	1.5333333333333334
1239.0	1.5
1240.0	1.6333333333333333
1241.0	1.5333333333333334
1242.0	1.5333333333333334
1243.0	1.6333333333333333
1244.0	1.5666666666666667
1245.0	1.5666666666666667
1246.0	1.4666666666666666
1247.0	1.4666666666666666
1248.0	1.3333333333333333
1249.0	1.4
1250.0	1.5
1251.0	1.3666666666666667
1252.0	1.5
1253.0	1.5
1254.0	1.4
1255.0	1.5333333333333334
1256.0	1.4666666666666666
1257.0	1.3333333333333333
1258.0	1.3
1259.0	1.1666666666666667
1260.0	1.1666666666666667
1261.0	1.1666666666666667
1262.0	1.1666666666666667
1263.0	1.0333333333333334
1264.0	1.1666666666666667
1265.0	1.1666666666666667
1266.0	1.2
1267.0	1.2333333333333334
1268.0	1.1666666666666667
1269.0	1.1666666666666667
1270.0	1.0333333333333334
1271.0	1.0333333333333334
1272.0	1.1666666666666667
1273.0	1.0666666666666667
1274.0	1.0666666666666667
1275.0	1.0666666666666667
1276.0	1.1666666666666667
1277.0	1.1666666666666667
1278.0	1.2333333333333334
1279.0	1.1333333333333333
1280.0	1.0333333333333334
1281.0	1.0666666666666667
1282.0	0.9666666666666667
1283.0	0.9666666666666667
1284.0	0.9666666666666667
1285.0	0.9666666666666667
1286.0	0.9666666666666667
1287.0	0.9666666666666667
1288.0	1.1
1289.0	1.2333333333333334
1290.0	1.2333333333333334
1291.0	1.2666666666666666
1292.0	1.3
1293.0	1.3333333333333333
1294.0	1.2
1295.0	1.2333333333333334
1296.0	1.2
1297.0	1.2666666666666666
1298.0	1.2
1299.0	1.2
1300.0	1.2
1301.0	1.3
1302.0	1.1666666666666667
1303.0	1.1666666666666667
1304.0	1.1666666666666667
1305.0	1.2
1306.0	1.0666666666666667
1307.0	1.2
1308.0	1.1333333333333333
1309.0	1.1333333333333333
1310.0	1.1333333333333333
1311.0	1.1
1312.0	1.2
1313.0	1.0666666666666667
1314.0	1.1333333333333333
1315.0	1.0
1316.0	1.0
1317.0	1.0
1318.0	0.8666666666666667
1319.0	0.7666666666666667
1320.0	0.7666666666666667
1321.0	0.7333333333333333
1322.0	0.8333333333333334
1323.0	0.8
1324.0	0.8333333333333334
1325.0	0.8
1326.0	0.8666666666666667
1327.0	0.7666666666666667
1328.0	0.8
1329.0	0.8666666666666667
1330.0	1.0
1331.0	0.9
1332.0	0.9
1333.0	0.9
1334.0	1.0333333333333334
1335.0	1.1333333333333333
1336.0	1.2666666666666666
1337.0	1.2666666666666666
1338.0	1.2666666666666666
1339.0	1.2666666666666666
1340.0	1.4
1341.0	1.4
1342.0	1.3333333333333333
1343.0	1.3333333333333333
1344.0	1.3
1345.0	1.3333333333333333
1346.0	1.3333333333333333
1347.0	1.4666666666666666
1348.0	1.4666666666666666
1349.0	1.4333333333333333
1350.0	1.5333333333333334
1351.0	1.5333333333333334
1352.0	1.5333333333333334
1353.0	1.5666666666666667
1354.0	1.5333333333333334
1355.0	1.5333333333333334
1356.0	1.4666666666666666
1357.0	1.4666666666666666
1358.0	1.5666666666666667
1359.0	1.6
1360.0	1.4666666666666666
1361.0	1.4666666666666666
1362.0	1.6
1363.0	1.6
1364.0	1.5
1365.0	1.3666666666666667
1366.0	1.3333333333333333
1367.0	1.3333333333333333
1368.0	1.3333333333333333
1369.0	1.3666666666666667
1370.0	1.3
1371.0	1.3666666666666667
1372.0	1.3666666666666667
1373.0	1.4
1374.0	1.3666666666666667
1375.0	1.4666666666666666
1376.0	1.4666666666666666
1377.0	1.3333333333333333
1378.0	1.3333333333333333
1379.0	1.3666666666666667
1380.0	1.2666666666666666
1381.0	1.4
1382.0	1.2666666666666666
1383.0	1.2333333333333334
1384.0	1.3
1385.0	1.3
1386.0	1.4333333333333333
1387.0	1.4666666666666666
1388.0	1.3333333333333333
1389.0	1.2666666666666666
1390.0	1.2666666666666666
1391.0	1.4
1392.0	1.3
1393.0	1.3
1394.0	1.3333333333333333
1395.0	1.3333333333333333
1396.0	1.2333333333333334
1397.0	1.1
1398.0	1.1
1399.0	1.0666666666666667
1400.0	1.0
1401.0	0.9666666666666667
1402.0	0.9666666666666667
1403.0	0.9666666666666667
1404.0	1.1
1405.0	1.0333333333333334
1406.0	1.0333333333333334
1407.0	1.1333333333333333
1408.0	1.2666666666666666
1409.0	1.2333333333333334
1410.0	1.2
1411.0	1.0666666666666667
1412.0	1.1333333333333333
1413.0	1.2333333333333334
1414.0	1.3
1415.0	1.3333333333333333
1416.0	1.2
1417.0	1.3
1418.0	1.3
1419.0	1.2666666666666666
1420.0	1.2666666666666666
1421.0	1.1333333333333333
1422.0	1.2333333333333334
1423.0	1.2333333333333334
1424.0	1.2333333333333334
1425.0	1.2666666666666666
1426.0	1.4
1427.0	1.4
1428.0	1.4
1429.0	1.4333333333333333
1430.0	1.5
1431.0	1.5333333333333334
1432.0	1.4666666666666666
1433.0	1.4333333333333333
1434.0	1.3
1435.0	1.2333333333333334
1436.0	1.2333333333333334
1437.0	1.2333333333333334
1438.0	1.1333333333333333
1439.0	1.2666666666666666
1440.0	1.2666666666666666
1441.0	1.2666666666666666
1442.0	1.2
1443.0	1.1
1444.0	0.9666666666666667
1445.0	1.0333333333333334
1446.0	1.0666666666666667
1447.0	0.9333333333333333
1448.0	0.9333333333333333
1449.0	0.9333333333333333
1450.0	0.9333333333333333
1451.0	0.9333333333333333
1452.0	0.8333333333333334
1453.0	0.9666666666666667
1454.0	1.0333333333333334
1455.0	1.0666666666666667
1456.0	0.9666666666666667
1457.0	0.9666666666666667
1458.0	1.0
1459.0	1.0666666666666667
1460.0	1.0666666666666667
1461.0	1.0
1462.0	1.0
1463.0	1.0
1464.0	1.0333333333333334
1465.0	1.0666666666666667
1466.0	1.1
1467.0	1.0333333333333334
1468.0	1.0
1469.0	0.8666666666666667
1470.0	0.9
1471.0	0.9
1472.0	1.0333333333333334
1473.0	1.0333333333333334
1474.0	1.0666666666666667
1475.0	0.9666666666666667
1476.0	0.9333333333333333
1477.0	1.0666666666666667
1478.0	1.1333333333333333
1479.0	1.1333333333333333
1480.0	1.2
1481.0	1.2
1482.0	1.1666666666666667
1483.0	1.0333333333333334
1484.0	1.0
1485.0	1.0
1486.0	0.9666666666666667
1487.0	1.0
1488.0	0.9666666666666667
1489.0	0.8666666666666667
1490.0	0.8
1491.0	0.8333333333333334
1492.0	0.9666666666666667
1493.0	0.9666666666666667
1494.0	1.0
1495.0	1.0333333333333334
1496.0	1.0
1497.0	0.9666666666666667
1498.0	1.0
1499.0	1.1333333333333333
1500.0	1.1
1501.0	1.1
1502.0	1.1
1503.0	1.2333333333333334
1504.0	1.3
1505.0	1.4333333333333333
1506.0	1.5666666666666667
1507.0	1.4666666666666666
1508.0	1.4333333333333333
1509.0	1.4333333333333333
1510.0	1.3666666666666667
1511.0	1.3666666666666667
1512.0	1.5
1513.0	1.5
1514.0	1.4
1515.0	1.3333333333333333
1516.0	1.3666666666666667
1517.0	1.4666666666666666
1518.0	1.4666666666666666
1519.0	1.4666666666666666
1520.0	1.5
1521.0	1.4666666666666666
1522.0	1.3333333333333333
1523.0	1.3333333333333333
1524.0	1.4
1525.0	1.3666666666666667
1526.0	1.3666666666666667
1527.0	1.3666666666666667
1528.0	1.4666666666666666
1529.0	1.4
1530.0	1.4
1531.0	1.5333333333333334
1532.0	1.5333333333333334
1533.0	1.4
1534.0	1.3
1535.0	1.2333333333333334
1536.0	1.2333333333333334
1537.0	1.2
1538.0	1.1666666666666667
1539.0	1.3
1540.0	1.3666666666666667
1541.0	1.3666666666666667
1542.0	1.2666666666666666
1543.0	1.3666666666666667
1544.0	1.4333333333333333
1545.0	1.4333333333333333
1546.0	1.4
1547.0	1.4
1548.0	1.4
1549.0	1.5333333333333334
1550.0	1.5
1551.0	1.5
1552.0	1.5666666666666667
1553.0	1.6333333333333333
1554.0	1.5
1555.0	1.5
1556.0	1.5
1557.0	1.5
1558.0	1.5
1559.0	1.4333333333333333
1560.0	1.4333333333333333
1561.0	1.3333333333333333
1562.0	1.2
1563.0	1.3
1564.0	1.3
1565.0	1.2333333333333334
1566.0	1.1
1567.0	1.1
1568.0	1.2333333333333334
1569.0	1.1
1570.0	1.0333333333333334
1571.0	1.0333333333333334
1572.0	1.0333333333333334
1573.0	0.9333333333333333
1574.0	1.0
1575.0	1.0
1576.0	1.0
1577.0	0.9
1578.0	0.9666666666666667
1579.0	0.8333333333333334
1580.0	0.8333333333333334
1581.0	0.9
1582.0	0.9333333333333333
1583.0	1.0
1584.0	1.1333333333333333
1585.0	1.1333333333333333
1586.0	1.1666666666666667
1587.0	1.3
1588.0	1.1666666666666667
1589.0	1.3
1590.0	1.4333333333333333
1591.0	1.4
1592.0	1.4
1593.0	1.4
1594.0	1.5
1595.0	1.6333333333333333
1596.0	1.6666666666666667
1597.0	1.6666666666666667
1598.0	1.5333333333333334
1599.0	1.5666666666666667
1600.0	1.7
1601.0	1.7
1602.0	1.6666666666666667
1603.0	1.6666666666666667
1604.0	1.6666666666666667
1605.0	1.6666666666666667
1606.0	1.8
1607.0	1.8666666666666667
1608.0	1.8333333333333333
1609.0	1.9
1610.0	2.033333333333333
1611.0	1.9666666666666666
1612.0	1.8666666666666667
1613.0	1.8666666666666667
1614.0	1.7333333333333334
1615.0	1.7333333333333334
1616.0	1.8333333333333333
1617.0	1.8333333333333333
1618.0	1.8333333333333333
1619.0	1.7
1620.0	1.5666666666666667
1621.0	1.5666666666666667
1622.0	1.5666666666666667
1623.0	1.4666666666666666
1624.0	1.5
1625.0	1.3666666666666667
1626.0	1.3333333333333333
1627.0	1.3333333333333333
1628.0	1.3333333333333333
1629.0	1.3333333333333333
1630.0	1.2
1631.0	1.2333333333333334
1632.0	1.2333333333333334
1633.0	1.2333333333333334
1634.0	1.1
1635.0	1.1
1636.0	0.9666666666666667
1637.0	1.0
1638.0	0.9666666666666667
1639.0	0.9666666666666667
1640.0	0.9666666666666667
1641.0	0.9666666666666667
1642.0	1.0333333333333334
1643.0	0.9333333333333333
1644.0	0.9333333333333333
1645.0	0.9
1646.0	0.7666666666666667
1647.0	0.6333333333333333
1648.0	0.6333333333333333
1649.0	0.7666666666666667
1650.0	0.9
1651.0	0.9
1652.0	0.9
1653.0	0.9
1654.0	0.7666666666666667
1655.0	0.7666666666666667
1656.0	0.8333333333333334
1657.0	0.8333333333333334
1658.0	0.9
1659.0	0.9666666666666667
1660.0	1.1
1661.0	1.1
1662.0	1.1
1663.0	1.1
1664.0	1.2333333333333334
1665.0	1.3666666666666667
1666.0	1.4
1667.0	1.3
1668.0	1.3
1669.0	1.2333333333333334
1670.0	1.2
1671.0	1.3333333333333333
1672.0	1.3
1673.0	1.2666666666666666
1674.0	1.2666666666666666
1675.0	1.3
1676.0	1.4333333333333333
1677.0	1.4666666666666666
1678.0	1.6
1679.0	1.4666666666666666
1680.0	1.3333333333333333
1681.0	1.3333333333333333
1682.0	1.4666666666666666
1683.0	1.4666666666666666
1684.0	1.4666666666666666
1685.0	1.4666666666666666
1686.0	1.4
1687.0	1.5333333333333334
1688.0	1.5
1689.0	1.5333333333333334
1690.0	1.4
1691.0	1.3666666666666667
1692.0	1.5
1693.0	1.5
1694.0	1.5
1695.0	1.3666666666666667
1696.0	1.3333333333333333
1697.0	1.3
1698.0	1.3333333333333333
1699.0	1.3666666666666667
1700.0	1.2666666666666666
1701.0	1.1333333333333333
1702.0	1.1
1703.0	1.1
1704.0	1.1
1705.0	1.0666666666666667
1706.0	0.9333333333333333
1707.0	0.9
1708.0	0.9
1709.0	0.9
1710.0	0.9666666666666667
1711.0	0.9666666666666667
1712.0	0.8333333333333334
1713.0	0.8666666666666667
1714.0	0.9
1715.0	1.0333333333333334
1716.0	1.0333333333333334
1717.0	0.9
1718.0	0.8666666666666667
1719.0	0.7666666666666667
1720.0	0.9
1721.0	0.9
1722.0	0.8
1723.0	0.8
1724.0	0.7
1725.0	0.7
1726.0	0.7
1727.0	0.7333333333333333
1728.0	0.8
1729.0	0.9
1730.0	1.0333333333333334
1731.0	1.0333333333333334
1732.0	1.0333333333333334
1733.0	1.0333333333333334
1734.0	1.0333333333333334
1735.0	1.0333333333333334
1736.0	1.0333333333333334
1737.0	1.0333333333333334
1738.0	0.9333333333333333
1739.0	0.9333333333333333
1740.0	1.0
1741.0	1.0333333333333334
1742.0	1.0333333333333334
1743.0	1.0
1744.0	0.9666666666666667
1745.0	0.8666666666666667
1746.0	0.9
1747.0	0.9
1748.0	1.0333333333333334
1749.0	1.0
1750.0	0.8666666666666667
1751.0	0.8666666666666667
1752.0	0.9666666666666667
1753.0	0.9666666666666667
1754.0	0.9666666666666667
1755.0	1.1
1756.0	1.1
1757.0	1.0666666666666667
1758.0	1.0333333333333334
1759.0	1.0333333333333334
1760.0	0.9
1761.0	0.9333333333333333
1762.0	1.0
1763.0	1.0
1764.0	1.1
1765.0	1.2333333333333334
1766.0	1.2666666666666666
1767.0	1.2666666666666666
1768.0	1.2333333333333334
1769.0	1.2333333333333334
1770.0	1.1333333333333333
1771.0	1.1
1772.0	1.2333333333333334
1773.0	1.2333333333333334
1774.0	1.2333333333333334
1775.0	1.2333333333333334
1776.0	1.2
1777.0	1.2
1778.0	1.0666666666666667
1779.0	1.0666666666666667
1780.0	1.0666666666666667
1781.0	1.0666666666666667
1782.0	0.9666666666666667
1783.0	0.9666666666666667
1784.0	1.0666666666666667
1785.0	0.9333333333333333
1786.0	0.9333333333333333
1787.0	1.0
1788.0	0.9333333333333333
1789.0	0.9
1790.0	0.9
1791.0	0.8666666666666667
1792.0	0.8
1793.0	0.9333333333333333
1794.0	0.9666666666666667
1795.0	0.8333333333333334
1796.0	0.9333333333333333
1797.0	0.9333333333333333
1798.0	1.0666666666666667
1799.0	1.0666666666666667
