0.0	2.0
1.0	1.5
2.0	2.0
3.0	2.5
4.0	2.2
5.0	2.5
6.0	2.2857142857142856
7.0	2.125
8.0	2.0
9.0	1.9
10.0	1.8181818181818181
11.0	1.75
12.0	1.6923076923076923
13.0	1.6428571428571428
14.0	1.6
15.0	1.5625
16.0	1.5294117647058822
17.0	1.6666666666666667
18.0	1.7894736842105263
19.0	1.9
20.0	2.0
21.0	2.090909090909091
22.0	2.0434782608695654
23.0	2.0
24.0	2.08
25.0	2.1538461538461537
26.0	2.2222222222222223
27.0	2.25
28.0	2.206896551724138
29.0	2.1666666666666665
30.0	2.129032258064516
31.0	2.1875
32.0	2.1515151515151514
33.0	2.2058823529411766
34.0	2.1714285714285713
35.0	2.138888888888889
36.0	2.108108108108108
37.0	2.1578947368421053
38.0	2.128205128205128
39.0	2.1
40.0	2.073170731707317
41.0	2.0476190476190474
42.0	2.0232558139534884
43.0	2.0454545454545454
44.0	2.022222222222222
45.0	2.0217391304347827
46.0	2.0
47.0	1.9583333333333333
48.0	1.9387755102040816
49.0	1.92
50.0	1.9019607843137254
51.0	1.8653846153846154
52.0	1.9056603773584906
53.0	1.8888888888888888
54.0	1.8727272727272728
55.0	1.9107142857142858
56.0	1.894736842105263
57.0	1.9310344827586208
58.0	1.9152542372881356
59.0	1.9
60.0	1.8688524590163935
61.0	1.8548387096774193
62.0	1.8888888888888888
63.0	1.875
64.0	1.8615384615384616
65.0	1.8333333333333333
66.0	1.8208955223880596
67.0	1.8088235294117647
68.0	1.7971014492753623
69.0	1.7857142857142858
70.0	1.7746478873239437
71.0	1.7638888888888888
72.0	1.7534246575342465
73.0	1.7837837837837838
74.0	1.7866666666666666
75.0	1.7763157894736843
76.0	1.7662337662337662
77.0	1.7564102564102564
78.0	1.7468354430379747
79.0	1.775
80.0	1.7901234567901234
81.0	1.7926829268292683
82.0	1.783132530120482
83.0	1.7738095238095237
84.0	1.7647058823529411
85.0	1.7790697674418605
86.0	1.7701149425287357
87.0	1.7613636363636365
88.0	1.7865168539325842
89.0	1.7777777777777777
90.0	1.7912087912087913
91.0	1.815217391304348
92.0	1.8064516129032258
93.0	1.8085106382978724
94.0	1.831578947368421
95.0	1.8333333333333333
96.0	1.824742268041237
97.0	1.836734693877551
98.0	1.8282828282828283
99.0	1.82
100.0	1.8
101.0	1.8
102.0	1.78
103.0	1.75
104.0	1.75
105.0	1.75
106.0	1.78
107.0	1.78
108.0	1.78
109.0	1.78
110.0	1.81
111.0	1.82
112.0	1.85
113.0	1.88
114.0	1.91
115.0	1.94
116.0	1.94
117.0	1.91
118.0	1.87
119.0	1.87
120.0	1.84
121.0	1.81
122.0	1.84
123.0	1.84
124.0	1.81
125.0	1.81
126.0	1.81
127.0	1.82
128.0	1.85
129.0	1.88
130.0	1.88
131.0	1.85
132.0	1.88
133.0	1.85
134.0	1.85
135.0	1.85
136.0	1.88
137.0	1.88
138.0	1.91
139.0	1.93
140.0	1.94
141.0	1.93
142.0	1.93
143.0	1.91
144.0	1.94
145.0	1.93
146.0	1.94
147.0	1.95
148.0	1.95
149.0	1.98
150.0	2.01
151.0	2.05
152.0	2.02
153.0	2.02
154.0	2.05
155.0	2.02
156.0	2.02
157.0	1.99
158.0	1.99
159.0	2.01
160.0	2.02
161.0	2.05
162.0	2.02
163.0	2.02
164.0	2.05
165.0	2.06
166.0	2.06
167.0	2.09
168.0	2.11
169.0	2.1
170.0	2.13
171.0	2.15
172.0	2.14
173.0	2.14
174.0	2.14
175.0	2.14
176.0	2.14
177.0	2.17
178.0	2.2
179.0	2.18
180.0	2.16
181.0	2.18
182.0	2.18
183.0	2.17
184.0	2.2
185.0	2.21
186.0	2.2
187.0	2.23
188.0	2.22
189.0	2.22
190.0	2.2
191.0	2.2
192.0	2.23
193.0	2.22
194.0	2.22
195.0	2.24
196.0	2.27
197.0	2.28
198.0	2.28
199.0	2.28
200.0	2.32
201.0	2.32
202.0	2.35
203.0	2.38
204.0	2.38
205.0	2.38
206.0	2.35
207.0	2.38
208.0	2.38
209.0	2.41
210.0	2.37
211.0	2.35
212.0	2.32
213.0	2.32
214.0	2.29
215.0	2.29
216.0	2.29
217.0	2.29
218.0	2.33
219.0	2.29
220.0	2.31
221.0	2.31
222.0	2.28
223.0	2.31
224.0	2.34
225.0	2.32
226.0	2.31
227.0	2.28
228.0	2.26
229.0	2.22
230.0	2.25
231.0	2.25
232.0	2.22
233.0	2.23
234.0	2.22
235.0	2.22
236.0	2.22
237.0	2.18
238.0	2.15
239.0	2.16
240.0	2.14
241.0	2.18
242.0	2.18
243.0	2.18
244.0	2.18
245.0	2.17
246.0	2.18
247.0	2.2
248.0	2.2
249.0	2.17
250.0	2.17
251.0	2.13
252.0	2.16
253.0	2.16
254.0	2.12
255.0	2.14
256.0	2.13
257.0	2.16
258.0	2.16
259.0	2.15
260.0	2.15
261.0	2.12
262.0	2.14
263.0	2.16
264.0	2.13
265.0	2.15
266.0	2.15
267.0	2.15
268.0	2.12
269.0	2.16
270.0	2.13
271.0	2.14
272.0	2.18
273.0	2.15
274.0	2.17
275.0	2.16
276.0	2.19
277.0	2.15
278.0	2.13
279.0	2.15
280.0	2.17
281.0	2.15
282.0	2.16
283.0	2.19
284.0	2.16
285.0	2.13
286.0	2.16
287.0	2.16
288.0	2.14
289.0	2.13
290.0	2.16
291.0	2.14
292.0	2.1
293.0	2.12
294.0	2.08
295.0	2.08
296.0	2.05
297.0	2.05
298.0	2.07
299.0	2.06
300.0	2.05
301.0	2.07
302.0	2.07
303.0	2.07
304.0	2.1
305.0	2.07
306.0	2.06
307.0	2.03
308.0	2.06
309.0	2.06
310.0	2.07
311.0	2.08
312.0	2.08
313.0	2.08
314.0	2.07
315.0	2.05
316.0	2.04
317.0	2.04
318.0	2.01
319.0	2.01
320.0	1.98
321.0	2.0
322.0	2.03
323.0	2.0
324.0	1.99
325.0	1.98
326.0	1.95
327.0	1.98
328.0	1.99
329.0	1.99
330.0	1.96
331.0	1.95
332.0	1.98
333.0	1.97
334.0	1.99
335.0	2.02
336.0	1.98
337.0	1.98
338.0	1.98
339.0	1.97
340.0	1.97
341.0	1.97
342.0	1.99
343.0	1.98
344.0	1.94
345.0	1.96
346.0	1.97
347.0	1.98
348.0	2.01
349.0	2.01
350.0	2.01
351.0	2.04
352.0	2.0
353.0	1.99
354.0	2.01
355.0	1.99
356.0	2.01
357.0	2.01
358.0	2.02
359.0	2.03
360.0	2.04
361.0	2.04
362.0	2.01
363.0	2.02
364.0	2.02
365.0	2.03
366.0	2.03
367.0	2.01
368.0	2.05
369.0	2.05
370.0	2.07
371.0	2.03
372.0	2.01
373.0	2.01
374.0	2.0
375.0	2.02
376.0	1.98
377.0	1.99
378.0	1.98
379.0	1.94
380.0	1.92
381.0	1.9
382.0	1.88
383.0	1.85
384.0	1.84
385.0	1.87
386.0	1.86
387.0	1.84
388.0	1.87
389.0	1.88
390.0	1.85
391.0	1.83
392.0	1.83
393.0	1.83
394.0	1.84
395.0	1.81
396.0	1.81
397.0	1.8
398.0	1.81
399.0	1.85
400.0	1.82
401.0	1.79
402.0	1.75
403.0	1.74
404.0	1.7
405.0	1.7
406.0	1.71
407.0	1.7
408.0	1.67
409.0	1.64
410.0	1.65
411.0	1.65
412.0	1.68
413.0	1.68
414.0	1.7
415.0	1.72
416.0	1.73
417.0	1.74
418.0	1.73
419.0	1.74
420.0	1.74
421.0	1.71
422.0	1.67
423.0	1.67
424.0	1.66
425.0	1.65
426.0	1.68
427.0	1.65
428.0	1.62
429.0	1.65
430.0	1.67
431.0	1.67
432.0	1.63
433.0	1.63
434.0	1.65
435.0	1.63
436.0	1.67
437.0	1.68
438.0	1.68
439.0	1.68
440.0	1.68
441.0	1.64
442.0	1.65
443.0	1.69
444.0	1.7
445.0	1.68
446.0	1.68
447.0	1.68
448.0	1.64
449.0	1.63
450.0	1.6
451.0	1.58
452.0	1.58
453.0	1.59
454.0	1.57
455.0	1.57
456.0	1.56
457.0	1.53
458.0	1.53
459.0	1.5
460.0	1.48
461.0	1.47
462.0	1.47
463.0	1.46
464.0	1.45
465.0	1.45
466.0	1.48
467.0	1.5
468.0	1.48
469.0	1.45
470.0	1.44
471.0	1.46
472.0	1.45
473.0	1.45
474.0	1.46
475.0	1.48
476.0	1.49
477.0	1.52
478.0	1.52
479.0	1.53
480.0	1.52
481.0	1.52
482.0	1.52
483.0	1.56
484.0	1.56
485.0	1.53
486.0	1.51
487.0	1.49
488.0	1.49
489.0	1.48
490.0	1.49
491.0	1.53
492.0	1.57
493.0	1.54
494.0	1.54
495.0	1.54
496.0	1.57
497.0	1.54
498.0	1.54
499.0	1.54
500.0	1.56
501.0	1.56
502.0	1.56
503.0	1.54
504.0	1.58
505.0	1.58
506.0	1.58
507.0	1.58
508.0	1.59
509.0	1.59
510.0	1.6
511.0	1.6
512.0	1.56
513.0	1.53
514.0	1.55
515.0	1.53
516.0	1.52
517.0	1.51
518.0	1.51
519.0	1.51
520.0	1.54
521.0	1.54
522.0	1.57
523.0	1.6
524.0	1.58
525.0	1.58
526.0	1.55
527.0	1.54
528.0	1.56
529.0	1.54
530.0	1.53
531.0	1.57
532.0	1.61
533.0	1.6
534.0	1.56
535.0	1.57
536.0	1.55
537.0	1.58
538.0	1.57
539.0	1.54
540.0	1.58
541.0	1.59
542.0	1.55
543.0	1.53
544.0	1.56
545.0	1.59
546.0	1.56
547.0	1.56
548.0	1.57
549.0	1.6
550.0	1.59
551.0	1.59
552.0	1.59
553.0	1.58
554.0	1.62
555.0	1.65
556.0	1.65
557.0	1.64
558.0	1.66
559.0	1.66
560.0	1.66
561.0	1.66
562.0	1.69
563.0	1.7
564.0	1.7
565.0	1.67
566.0	1.65
567.0	1.63
568.0	1.65
569.0	1.64
570.0	1.62
571.0	1.64
572.0	1.64
573.0	1.66
574.0	1.62
575.0	1.58
576.0	1.57
577.0	1.54
578.0	1.55
579.0	1.57
580.0	1.59
581.0	1.61
582.0	1.65
583.0	1.61
584.0	1.61
585.0	1.6
586.0	1.6
587.0	1.63
588.0	1.62
589.0	1.66
590.0	1.64
591.0	1.63
592.0	1.59
593.0	1.6
594.0	1.6
595.0	1.6
596.0	1.6
597.0	1.63
598.0	1.59
599.0	1.59
600.0	1.57
601.0	1.58
602.0	1.6
603.0	1.6
604.0	1.58
605.0	1.57
606.0	1.56
607.0	1.57
608.0	1.55
609.0	1.56
610.0	1.53
611.0	1.56
612.0	1.56
613.0	1.59
614.0	1.55
615.0	1.54
616.0	1.54
617.0	1.56
618.0	1.56
619.0	1.55
620.0	1.56
621.0	1.56
622.0	1.53
623.0	1.52
624.0	1.56
625.0	1.56
626.0	1.56
627.0	1.6
628.0	1.59
629.0	1.61
630.0	1.62
631.0	1.62
632.0	1.62
633.0	1.63
634.0	1.67
635.0	1.65
636.0	1.67
637.0	1.64
638.0	1.66
639.0	1.67
640.0	1.63
641.0	1.63
642.0	1.64
643.0	1.62
644.0	1.62
645.0	1.6
646.0	1.59
647.0	1.58
648.0	1.59
649.0	1.6
650.0	1.63
651.0	1.63
652.0	1.64
653.0	1.66
654.0	1.62
655.0	1.59
656.0	1.58
657.0	1.58
658.0	1.54
659.0	1.55
660.0	1.56
661.0	1.59
662.0	1.6
663.0	1.6
664.0	1.64
665.0	1.63
666.0	1.65
667.0	1.64
668.0	1.61
669.0	1.62
670.0	1.65
671.0	1.63
672.0	1.63
673.0	1.6
674.0	1.63
675.0	1.65
676.0	1.65
677.0	1.65
678.0	1.63
679.0	1.64
680.0	1.62
681.0	1.6
682.0	1.56
683.0	1.6
684.0	1.6
685.0	1.6
686.0	1.64
687.0	1.61
688.0	1.58
689.0	1.55
690.0	1.55
691.0	1.52
692.0	1.52
693.0	1.51
694.0	1.53
695.0	1.52
696.0	1.52
697.0	1.49
698.0	1.5
699.0	1.46
700.0	1.46
701.0	1.47
702.0	1.45
703.0	1.45
704.0	1.44
705.0	1.44
706.0	1.44
707.0	1.43
708.0	1.43
709.0	1.42
710.0	1.44
711.0	1.4
712.0	1.44
713.0	1.4
714.0	1.4
715.0	1.39
716.0	1.4
717.0	1.37
718.0	1.41
719.0	1.42
720.0	1.38
721.0	1.39
722.0	1.39
723.0	1.37
724.0	1.35
725.0	1.37
726.0	1.37
727.0	1.35
728.0	1.34
729.0	1.35
730.0	1.36
731.0	1.33
732.0	1.31
733.0	1.31
734.0	1.28
735.0	1.28
736.0	1.26
737.0	1.27
738.0	1.27
739.0	1.26
740.0	1.26
741.0	1.25
742.0	1.24
743.0	1.24
744.0	1.24
745.0	1.26
746.0	1.3
747.0	1.27
748.0	1.25
749.0	1.25
750.0	1.24
751.0	1.23
752.0	1.22
753.0	1.21
754.0	1.24
755.0	1.24
756.0	1.28
757.0	1.28
758.0	1.3
759.0	1.29
760.0	1.28
761.0	1.28
762.0	1.26
763.0	1.22
764.0	1.19
765.0	1.2
766.0	1.17
767.0	1.17
768.0	1.17
769.0	1.18
770.0	1.16
771.0	1.17
772.0	1.19
773.0	1.22
774.0	1.22
775.0	1.22
776.0	1.26
777.0	1.25
778.0	1.26
779.0	1.25
780.0	1.25
781.0	1.26
782.0	1.26
783.0	1.26
784.0	1.26
785.0	1.3
786.0	1.27
787.0	1.3
788.0	1.3
789.0	1.3
790.0	1.34
791.0	1.36
792.0	1.36
793.0	1.36
794.0	1.34
795.0	1.38
796.0	1.34
797.0	1.38
798.0	1.37
799.0	1.4
800.0	1.4
801.0	1.38
802.0	1.42
803.0	1.45
804.0	1.47
805.0	1.51
806.0	1.55
807.0	1.55
808.0	1.59
809.0	1.58
810.0	1.6
811.0	1.63
812.0	1.59
813.0	1.59
814.0	1.59
815.0	1.61
816.0	1.6
817.0	1.6
818.0	1.59
819.0	1.59
820.0	1.59
821.0	1.59
822.0	1.59
823.0	1.58
824.0	1.6
825.0	1.62
826.0	1.62
827.0	1.6
828.0	1.61
829.0	1.57
830.0	1.57
831.0	1.6
832.0	1.58
833.0	1.57
834.0	1.59
835.0	1.6
836.0	1.58
837.0	1.56
838.0	1.54
839.0	1.58
840.0	1.59
841.0	1.6
842.0	1.61
843.0	1.61
844.0	1.57
845.0	1.54
846.0	1.5
847.0	1.5
848.0	1.5
849.0	1.47
850.0	1.45
851.0	1.45
852.0	1.45
853.0	1.46
854.0	1.44
855.0	1.47
856.0	1.43
857.0	1.47
858.0	1.49
859.0	1.49
860.0	1.5
861.0	1.48
862.0	1.48
863.0	1.5
864.0	1.49
865.0	1.49
866.0	1.48
867.0	1.5
868.0	1.49
869.0	1.48
870.0	1.47
871.0	1.45
872.0	1.43
873.0	1.4
874.0	1.37
875.0	1.38
876.0	1.34
877.0	1.36
878.0	1.39
879.0	1.36
880.0	1.37
881.0	1.38
882.0	1.38
883.0	1.38
884.0	1.39
885.0	1.39
886.0	1.38
887.0	1.36
888.0	1.37
889.0	1.36
890.0	1.36
891.0	1.35
892.0	1.38
893.0	1.38
894.0	1.37
895.0	1.37
896.0	1.37
897.0	1.34
898.0	1.35
899.0	1.36
900.0	1.39
901.0	1.39
902.0	1.35
903.0	1.32
904.0	1.33
905.0	1.32
906.0	1.28
907.0	1.28
908.0	1.25
909.0	1.27
910.0	1.23
911.0	1.2
912.0	1.24
913.0	1.27
914.0	1.31
915.0	1.33
916.0	1.33
917.0	1.33
918.0	1.32
919.0	1.32
920.0	1.32
921.0	1.31
922.0	1.35
923.0	1.39
924.0	1.36
925.0	1.32
926.0	1.32
927.0	1.32
928.0	1.35
929.0	1.36
930.0	1.32
931.0	1.28
932.0	1.29
933.0	1.32
934.0	1.33
935.0	1.31
936.0	1.34
937.0	1.36
938.0	1.36
939.0	1.33
940.0	1.32
941.0	1.32
942.0	1.32
943.0	1.32
944.0	1.32
945.0	1.36
946.0	1.37
947.0	1.38
948.0	1.38
949.0	1.4
950.0	1.44
951.0	1.44
952.0	1.45
953.0	1.47
954.0	1.47
955.0	1.43
956.0	1.47
957.0	1.43
958.0	1.43
959.0	1.43
960.0	1.43
961.0	1.43
962.0	1.41
963.0	1.43
964.0	1.47
965.0	1.46
966.0	1.47
967.0	1.45
968.0	1.45
969.0	1.44
970.0	1.45
971.0	1.46
972.0	1.47
973.0	1.51
974.0	1.52
975.0	1.49
976.0	1.51
977.0	1.49
978.0	1.45
979.0	1.45
980.0	1.45
981.0	1.45
982.0	1.45
983.0	1.41
984.0	1.44
985.0	1.4
986.0	1.43
987.0	1.42
988.0	1.45
989.0	1.45
990.0	1.45
991.0	1.48
992.0	1.46
993.0	1.5
994.0	1.51
995.0	1.5
996.0	1.5
997.0	1.49
998.0	1.49
999.0	1.45
1000.0	1.42
1001.0	1.44
1002.0	1.44
1003.0	1.45
1004.0	1.41
1005.0	1.39
1006.0	1.39
1007.0	1.39
1008.0	1.38
1009.0	1.36
1010.0	1.36
1011.0	1.36
1012.0	1.33
1013.0	1.3
1014.0	1.26
1015.0	1.26
1016.0	1.26
1017.0	1.26
1018.0	1.25
1019.0	1.28
1020.0	1.29
1021.0	1.29
1022.0	1.28
1023.0	1.26
1024.0	1.28
1025.0	1.28
1026.0	1.28
1027.0	1.29
1028.0	1.29
1029.0	1.3
1030.0	1.3
1031.0	1.31
1032.0	1.3
1033.0	1.28
1034.0	1.24
1035.0	1.25
1036.0	1.23
1037.0	1.25
1038.0	1.26
1039.0	1.29
1040.0	1.33
1041.0	1.32
1042.0	1.35
1043.0	1.35
1044.0	1.35
1045.0	1.35
1046.0	1.35
1047.0	1.34
1048.0	1.34
1049.0	1.34
1050.0	1.34
1051.0	1.34
1052.0	1.36
1053.0	1.32
1054.0	1.35
1055.0	1.35
1056.0	1.31
1057.0	1.31
1058.0	1.27
1059.0	1.3
1060.0	1.33
1061.0	1.32
1062.0	1.33
1063.0	1.3
1064.0	1.26
1065.0	1.3
1066.0	1.3
1067.0	1.33
1068.0	1.33
1069.0	1.34
1070.0	1.37
1071.0	1.35
1072.0	1.34
1073.0	1.3
1074.0	1.31
1075.0	1.31
1076.0	1.29
1077.0	1.29
1078.0	1.32
1079.0	1.33
1080.0	1.32
1081.0	1.3
1082.0	1.3
1083.0	1.31
1084.0	1.27
1085.0	1.28
1086.0	1.25
1087.0	1.26
1088.0	1.22
1089.0	1.22
1090.0	1.22
1091.0	1.22
1092.0	1.21
1093.0	1.17
1094.0	1.2
1095.0	1.19
1096.0	1.2
1097.0	1.2
1098.0	1.19
1099.0	1.21
1100.0	1.22
1101.0	1.24
1102.0	1.25
1103.0	1.24
1104.0	1.25
1105.0	1.24
1106.0	1.24
1107.0	1.26
1108.0	1.26
1109.0	1.3
1110.0	1.34
1111.0	1.34
1112.0	1.34
1113.0	1.38
1114.0	1.38
1115.0	1.34
1116.0	1.38
1117.0	1.39
1118.0	1.38
1119.0	1.34
1120.0	1.33
1121.0	1.37
1122.0	1.34
1123.0	1.32
1124.0	1.32
1125.0	1.35
1126.0	1.35
1127.0	1.34
1128.0	1.34
1129.0	1.36
1130.0	1.36
1131.0	1.35
1132.0	1.35
1133.0	1.38
1134.0	1.38
1135.0	1.37
1136.0	1.37
1137.0	1.33
1138.0	1.36
1139.0	1.32
1140.0	1.28
1141.0	1.29
1142.0	1.28
1143.0	1.31
1144.0	1.31
1145.0	1.28
1146.0	1.27
1147.0	1.3
1148.0	1.34
1149.0	1.31
1150.0	1.27
1151.0	1.28
1152.0	1.29
1153.0	1.29
1154.0	1.25
1155.0	1.26
1156.0	1.3
1157.0	1.3
1158.0	1.31
1159.0	1.32
1160.0	1.32
1161.0	1.32
1162.0	1.33
1163.0	1.32
1164.0	1.32
1165.0	1.32
1166.0	1.32
1167.0	1.3
1168.0	1.32
1169.0	1.31
1170.0	1.27
1171.0	1.29
1172.0	1.28
1173.0	1.28
1174.0	1.3
1175.0	1.32
1176.0	1.33
1177.0	1.35
1178.0	1.35
1179.0	1.38
1180.0	1.39
1181.0	1.39
1182.0	1.41
1183.0	1.4
1184.0	1.42
1185.0	1.41
1186.0	1.41
1187.0	1.42
1188.0	1.43
1189.0	1.43
1190.0	1.39
1191.0	1.39
1192.0	1.42
1193.0	1.42
1194.0	1.38
1195.0	1.36
1196.0	1.39
1197.0	1.43
1198.0	1.43
1199.0	1.42
1200.0	1.41
1201.0	1.4
1202.0	1.39
1203.0	1.39
1204.0	1.39
1205.0	1.39
1206.0	1.43
1207.0	1.41
1208.0	1.41
1209.0	1.38
1210.0	1.34
1211.0	1.37
1212.0	1.36
1213.0	1.32
1214.0	1.34
1215.0	1.34
1216.0	1.34
1217.0	1.33
1218.0	1.37
1219.0	1.38
1220.0	1.38
1221.0	1.38
1222.0	1.38
1223.0	1.42
1224.0	1.42
1225.0	1.39
1226.0	1.41
1227.0	1.45
1228.0	1.42
1229.0	1.42
1230.0	1.43
1231.0	1.43
1232.0	1.43
1233.0	1.43
1234.0	1.43
1235.0	1.43
1236.0	1.42
1237.0	1.42
1238.0	1.42
1239.0	1.42
1240.0	1.46
1241.0	1.45
1242.0	1.42
1243.0	1.42
1244.0	1.42
1245.0	1.41
1246.0	1.42
1247.0	1.39
1248.0	1.35
1249.0	1.38
1250.0	1.41
1251.0	1.4
1252.0	1.4
1253.0	1.44
1254.0	1.44
1255.0	1.47
1256.0	1.43
1257.0	1.43
1258.0	1.42
1259.0	1.38
1260.0	1.35
1261.0	1.35
1262.0	1.33
1263.0	1.33
1264.0	1.37
1265.0	1.33
1266.0	1.33
1267.0	1.32
1268.0	1.32
1269.0	1.32
1270.0	1.32
1271.0	1.3
1272.0	1.34
1273.0	1.34
1274.0	1.3
1275.0	1.28
1276.0	1.31
1277.0	1.29
1278.0	1.28
1279.0	1.24
1280.0	1.23
1281.0	1.24
1282.0	1.23
1283.0	1.27
1284.0	1.25
1285.0	1.29
1286.0	1.29
1287.0	1.27
1288.0	1.3
1289.0	1.34
1290.0	1.35
1291.0	1.32
1292.0	1.3
1293.0	1.31
1294.0	1.31
1295.0	1.32
1296.0	1.28
1297.0	1.27
1298.0	1.27
1299.0	1.26
1300.0	1.26
1301.0	1.26
1302.0	1.26
1303.0	1.25
1304.0	1.24
1305.0	1.25
1306.0	1.21
1307.0	1.25
1308.0	1.25
1309.0	1.24
1310.0	1.24
1311.0	1.21
1312.0	1.25
1313.0	1.25
1314.0	1.25
1315.0	1.25
1316.0	1.21
1317.0	1.21
1318.0	1.17
1319.0	1.17
1320.0	1.18
1321.0	1.14
1322.0	1.18
1323.0	1.14
1324.0	1.12
1325.0	1.12
1326.0	1.12
1327.0	1.08
1328.0	1.08
1329.0	1.06
1330.0	1.09
1331.0	1.09
1332.0	1.09
1333.0	1.05
1334.0	1.09
1335.0	1.13
1336.0	1.17
1337.0	1.21
1338.0	1.17
1339.0	1.17
1340.0	1.17
1341.0	1.17
1342.0	1.19
1343.0	1.16
1344.0	1.17
1345.0	1.18
1346.0	1.17
1347.0	1.21
1348.0	1.21
1349.0	1.18
1350.0	1.19
1351.0	1.19
1352.0	1.19
1353.0	1.16
1354.0	1.16
1355.0	1.12
1356.0	1.12
1357.0	1.12
1358.0	1.16
1359.0	1.19
1360.0	1.18
1361.0	1.18
1362.0	1.22
1363.0	1.22
1364.0	1.19
1365.0	1.19
1366.0	1.21
1367.0	1.24
1368.0	1.22
1369.0	1.23
1370.0	1.25
1371.0	1.27
1372.0	1.25
1373.0	1.26
1374.0	1.26
1375.0	1.3
1376.0	1.26
1377.0	1.26
1378.0	1.24
1379.0	1.25
1380.0	1.26
1381.0	1.29
1382.0	1.28
1383.0	1.24
1384.0	1.26
1385.0	1.22
1386.0	1.26
1387.0	1.27
1388.0	1.23
1389.0	1.2
1390.0	1.19
1391.0	1.22
1392.0	1.22
1393.0	1.21
1394.0	1.23
1395.0	1.22
1396.0	1.22
1397.0	1.19
1398.0	1.19
1399.0	1.19
1400.0	1.19
1401.0	1.17
1402.0	1.19
1403.0	1.2
1404.0	1.24
1405.0	1.25
1406.0	1.25
1407.0	1.24
1408.0	1.28
1409.0	1.28
1410.0	1.28
1411.0	1.28
1412.0	1.26
1413.0	1.29
1414.0	1.31
1415.0	1.32
1416.0	1.32
1417.0	1.36
1418.0	1.36
1419.0	1.35
1420.0	1.34
1421.0	1.34
1422.0	1.34
1423.0	1.34
1424.0	1.35
1425.0	1.36
1426.0	1.38
1427.0	1.38
1428.0	1.37
1429.0	1.36
1430.0	1.34
1431.0	1.36
1432.0	1.36
1433.0	1.36
1434.0	1.32
1435.0	1.28
1436.0	1.24
1437.0	1.23
1438.0	1.24
1439.0	1.28
1440.0	1.24
1441.0	1.24
1442.0	1.22
1443.0	1.22
1444.0	1.21
1445.0	1.23
1446.0	1.24
1447.0	1.2
1448.0	1.2
1449.0	1.2
1450.0	1.16
1451.0	1.16
1452.0	1.13
1453.0	1.16
1454.0	1.2
1455.0	1.22
1456.0	1.23
1457.0	1.23
1458.0	1.2
1459.0	1.2
1460.0	1.22
1461.0	1.22
1462.0	1.18
1463.0	1.18
1464.0	1.18
1465.0	1.19
1466.0	1.17
1467.0	1.14
1468.0	1.14
1469.0	1.13
1470.0	1.12
1471.0	1.1
1472.0	1.12
1473.0	1.11
1474.0	1.12
1475.0	1.08
1476.0	1.08
1477.0	1.12
1478.0	1.14
1479.0	1.13
1480.0	1.14
1481.0	1.1
1482.0	1.1
1483.0	1.1
1484.0	1.11
1485.0	1.13
1486.0	1.09
1487.0	1.09
1488.0	1.09
1489.0	1.08
1490.0	1.08
1491.0	1.05
1492.0	1.08
1493.0	1.08
1494.0	1.08
1495.0	1.1
1496.0	1.1
1497.0	1.1
1498.0	1.11
1499.0	1.15
1500.0	1.15
1501.0	1.14
1502.0	1.16
1503.0	1.19
1504.0	1.18
1505.0	1.2
1506.0	1.24
1507.0	1.22
1508.0	1.19
1509.0	1.19
1510.0	1.19
1511.0	1.19
1512.0	1.21
1513.0	1.18
1514.0	1.14
1515.0	1.13
1516.0	1.14
1517.0	1.14
1518.0	1.14
1519.0	1.14
1520.0	1.15
1521.0	1.15
1522.0	1.11
1523.0	1.11
1524.0	1.13
1525.0	1.13
1526.0	1.09
1527.0	1.09
1528.0	1.13
1529.0	1.14
1530.0	1.12
1531.0	1.14
1532.0	1.18
1533.0	1.18
1534.0	1.18
1535.0	1.2
1536.0	1.24
1537.0	1.21
1538.0	1.2
1539.0	1.2
1540.0	1.22
1541.0	1.22
1542.0	1.23
1543.0	1.26
1544.0	1.28
1545.0	1.25
1546.0	1.24
1547.0	1.28
1548.0	1.28
1549.0	1.32
1550.0	1.32
1551.0	1.32
1552.0	1.33
1553.0	1.31
1554.0	1.27
1555.0	1.26
1556.0	1.25
1557.0	1.25
1558.0	1.28
1559.0	1.25
1560.0	1.23
1561.0	1.24
1562.0	1.24
1563.0	1.27
1564.0	1.26
1565.0	1.25
1566.0	1.24
1567.0	1.23
1568.0	1.27
1569.0	1.27
1570.0	1.26
1571.0	1.26
1572.0	1.23
1573.0	1.23
1574.0	1.26
1575.0	1.26
1576.0	1.26
1577.0	1.23
1578.0	1.23
1579.0	1.23
1580.0	1.21
1581.0	1.23
1582.0	1.26
1583.0	1.3
1584.0	1.31
1585.0	1.3
1586.0	1.31
1587.0	1.34
1588.0	1.34
1589.0	1.38
1590.0	1.42
1591.0	1.41
1592.0	1.37
1593.0	1.4
1594.0	1.41
1595.0	1.43
1596.0	1.44
1597.0	1.44
1598.0	1.43
1599.0	1.4
1600.0	1.44
1601.0	1.44
1602.0	1.4
1603.0	1.36
1604.0	1.37
1605.0	1.33
1606.0	1.33
1607.0	1.35
1608.0	1.35
1609.0	1.37
1610.0	1.41
1611.0	1.41
1612.0	1.37
1613.0	1.41
1614.0	1.41
1615.0	1.42
1616.0	1.45
1617.0	1.45
1618.0	1.45
1619.0	1.45
1620.0	1.44
1621.0	1.44
1622.0	1.44
1623.0	1.44
1624.0	1.44
1625.0	1.43
1626.0	1.43
1627.0	1.43
1628.0	1.39
1629.0	1.38
1630.0	1.38
1631.0	1.35
1632.0	1.31
1633.0	1.31
1634.0	1.31
1635.0	1.29
1636.0	1.25
1637.0	1.29
1638.0	1.29
1639.0	1.27
1640.0	1.29
1641.0	1.29
1642.0	1.3
1643.0	1.28
1644.0	1.26
1645.0	1.26
1646.0	1.26
1647.0	1.22
1648.0	1.22
1649.0	1.22
1650.0	1.26
1651.0	1.26
1652.0	1.24
1653.0	1.22
1654.0	1.22
1655.0	1.21
1656.0	1.23
1657.0	1.23
1658.0	1.21
1659.0	1.24
1660.0	1.28
1661.0	1.28
1662.0	1.28
1663.0	1.25
1664.0	1.29
1665.0	1.33
1666.0	1.34
1667.0	1.35
1668.0	1.31
1669.0	1.31
1670.0	1.34
1671.0	1.38
1672.0	1.38
1673.0	1.38
1674.0	1.34
1675.0	1.35
1676.0	1.39
1677.0	1.39
1678.0	1.41
1679.0	1.41
1680.0	1.41
1681.0	1.39
1682.0	1.4
1683.0	1.36
1684.0	1.32
1685.0	1.31
1686.0	1.3
1687.0	1.3
1688.0	1.31
1689.0	1.31
1690.0	1.27
1691.0	1.27
1692.0	1.31
1693.0	1.28
1694.0	1.29
1695.0	1.25
1696.0	1.24
1697.0	1.24
1698.0	1.25
1699.0	1.25
1700.0	1.21
1701.0	1.21
1702.0	1.21
1703.0	1.21
1704.0	1.17
1705.0	1.17
1706.0	1.13
1707.0	1.1
1708.0	1.13
1709.0	1.11
1710.0	1.09
1711.0	1.09
1712.0	1.09
1713.0	1.06
1714.0	1.07
1715.0	1.1
1716.0	1.06
1717.0	1.02
1718.0	1.02
1719.0	1.03
1720.0	1.07
1721.0	1.07
1722.0	1.08
1723.0	1.08
1724.0	1.05
1725.0	1.05
1726.0	1.05
1727.0	1.06
1728.0	1.09
1729.0	1.12
1730.0	1.16
1731.0	1.15
1732.0	1.15
1733.0	1.15
1734.0	1.15
1735.0	1.15
1736.0	1.15
1737.0	1.11
1738.0	1.12
1739.0	1.1
1740.0	1.1
1741.0	1.11
1742.0	1.09
1743.0	1.08
1744.0	1.08
1745.0	1.09
1746.0	1.1
1747.0	1.1
1748.0	1.14
1749.0	1.1
1750.0	1.06
1751.0	1.06
1752.0	1.1
1753.0	1.1
1754.0	1.11
1755.0	1.15
1756.0	1.13
1757.0	1.13
1758.0	1.13
1759.0	1.14
1760.0	1.1
1761.0	1.1
1762.0	1.12
1763.0	1.12
1764.0	1.11
1765.0	1.11
1766.0	1.11
1767.0	1.1
1768.0	1.1
1769.0	1.1
1770.0	1.08
1771.0	1.04
1772.0	1.07
1773.0	1.07
1774.0	1.07
1775.0	1.07
1776.0	1.03
1777.0	1.02
1778.0	0.98
1779.0	0.98
1780.0	0.98
1781.0	0.98
1782.0	0.95
1783.0	0.95
1784.0	0.99
1785.0	0.99
1786.0	0.99
1787.0	0.97
1788.0	0.96
1789.0	0.95
1790.0	0.95
1791.0	0.95
1792.0	0.91
1793.0	0.95
1794.0	0.95
1795.0	0.95
1796.0	0.99
1797.0	0.99
1798.0	1.02
1799.0	1.01
