2158.0
1573.0
1469.0
1297.0
2860.0
1057.0
2478.0
2516.0
2005.0
1317.0
1035.0
1202.0
3273.0
1875.0
1550.0
1125.0
1850.0
1599.0
3361.0
1232.0
1199.0
1298.0
1807.0
1269.0
2211.0
2335.0
965.0
956.0
1252.0
1153.0
1128.0
932.0
1062.0
967.0
993.0
1624.0
1187.0
1466.0
1535.0
1278.0
2431.0
1314.0
1326.0
1051.0
1352.0
1173.0
919.0
1266.0
2107.0
1319.0
1313.0
1818.0
1450.0
1559.0
1107.0
1640.0
1123.0
1184.0
1091.0
857.0
1548.0
1679.0
1119.0
1501.0
1312.0
938.0
1683.0
1079.0
1201.0
1105.0
1052.0
1271.0
1141.0
1211.0
1614.0
1294.0
1141.0
1460.0
1267.0
1388.0
2607.0
1344.0
1349.0
969.0
1017.0
933.0
1283.0
801.0
1027.0
957.0
1162.0
1008.0
923.0
1328.0
1196.0
946.0
792.0
983.0
2150.0
1307.0
911.0
927.0
927.0
847.0
1708.0
1116.0
1269.0
1148.0
1116.0
1142.0
1184.0
1064.0
1227.0
1414.0
1205.0
1798.0
982.0
2395.0
1460.0
1048.0
1025.0
1079.0
1323.0
1026.0
1111.0
1071.0
1428.0
1100.0
1359.0
993.0
2275.0
1066.0
1178.0
1185.0
1174.0
1762.0
1313.0
1314.0
1549.0
1138.0
708.0
1263.0
1752.0
1192.0
2043.0
1446.0
1180.0
1268.0
1259.0
2314.0
1302.0
1907.0
1209.0
1487.0
1381.0
3860.0
1144.0
957.0
1053.0
1086.0
1021.0
1277.0
1601.0
1243.0
1379.0
2553.0
2596.0
1072.0
1131.0
1409.0
1033.0
990.0
1009.0
1236.0
1006.0
957.0
1102.0
1402.0
990.0
1414.0
1359.0
1387.0
2179.0
2581.0
1275.0
1160.0
989.0
1264.0
940.0
1083.0
1352.0
975.0
890.0
1034.0
1275.0
1278.0
1778.0
1229.0
2217.0
2543.0
2177.0
1080.0
1276.0
1192.0
2278.0
1414.0
2042.0
905.0
1626.0
1164.0
1037.0
1168.0
1090.0
998.0
1425.0
992.0
1057.0
1721.0
2083.0
1112.0
1152.0
980.0
754.0
1020.0
901.0
1161.0
1498.0
1177.0
1109.0
1483.0
1371.0
1553.0
1722.0
1525.0
1375.0
2099.0
1067.0
1279.0
1783.0
1584.0
1431.0
958.0
1038.0
893.0
989.0
1469.0
939.0
3346.0
1241.0
1309.0
1420.0
2013.0
929.0
1104.0
1275.0
1095.0
1024.0
1028.0
1299.0
2498.0
1981.0
1166.0
1185.0
1198.0
1203.0
1185.0
1017.0
995.0
916.0
1726.0
1110.0
1122.0
748.0
1020.0
1960.0
995.0
1682.0
1691.0
2504.0
2079.0
1160.0
1044.0
4017.0
1049.0
1462.0
1337.0
1810.0
1195.0
1038.0
1042.0
1097.0
1149.0
954.0
1005.0
867.0
1718.0
1575.0
2539.0
1290.0
1077.0
1560.0
1234.0
953.0
1189.0
894.0
1475.0
1194.0
1396.0
1666.0
1050.0
1049.0
1081.0
877.0
979.0
937.0
1588.0
2737.0
1222.0
3005.0
2782.0
2851.0
1635.0
5657.0
