7482.0
14128.0
4104.0
6884.0
8955.0
12013.0
3834.0
7874.0
4673.0
1805.0
3640.0
5122.0
7637.0
3727.0
5801.0
1406.0
2903.0
1711.0
6343.0
9181.0
2819.0
6783.0
2119.0
4694.0
1485.0
1326.0
6485.0
3874.0
1687.0
4226.0
1731.0
977.0
2158.0
3457.0
6213.0
917.0
1714.0
1831.0
1909.0
5660.0
1535.0
3797.0
1036.0
2019.0
3370.0
1614.0
3163.0
1697.0
5227.0
1148.0
3240.0
1145.0
2066.0
1599.0
2159.0
1031.0
7545.0
1694.0
3774.0
5006.0
11429.0
4056.0
6536.0
3277.0
5266.0
2706.0
3187.0
3897.0
3024.0
2701.0
4881.0
3214.0
2265.0
2303.0
5743.0
6907.0
3191.0
4986.0
4032.0
3616.0
3758.0
2117.0
3991.0
1944.0
2687.0
5004.0
6302.0
2173.0
8933.0
3216.0
4093.0
2355.0
2801.0
5758.0
2850.0
4598.0
3504.0
5714.0
2194.0
3208.0
5621.0
3775.0
6541.0
6937.0
10192.0
2904.0
4463.0
1964.0
1720.0
2238.0
3708.0
7628.0
9720.0
2351.0
6430.0
7430.0
9875.0
1842.0
5566.0
2231.0
4081.0
5014.0
7497.0
3154.0
3312.0
2074.0
2150.0
3058.0
3700.0
1847.0
7151.0
2642.0
765.0
1369.0
4192.0
6150.0
7208.0
7249.0
4716.0
1643.0
5028.0
2080.0
3499.0
4423.0
5612.0
5926.0
7040.0
7250.0
8026.0
8832.0
9460.0
7419.0
9283.0
1562.0
2061.0
2232.0
2606.0
1499.0
2365.0
3100.0
4334.0
2129.0
2176.0
1121.0
1596.0
1460.0
1816.0
1288.0
1529.0
2179.0
2473.0
4051.0
10517.0
1724.0
1859.0
916.0
1708.0
2395.0
2980.0
980.0
1004.0
1474.0
1765.0
2727.0
3526.0
4662.0
1494.0
1875.0
2465.0
2970.0
4593.0
3267.0
1308.0
1498.0
788.0
988.0
1585.0
1721.0
2668.0
3161.0
3308.0
1665.0
1714.0
1239.0
1404.0
1948.0
2563.0
5158.0
5532.0
1011.0
1336.0
944.0
2022.0
2287.0
3512.0
1700.0
4761.0
6362.0
7205.0
9132.0
10731.0
1428.0
2075.0
2297.0
4703.0
3501.0
7393.0
1747.0
2121.0
1301.0
1525.0
2207.0
3850.0
5043.0
3968.0
5163.0
7067.0
8186.0
9036.0
1762.0
2224.0
1023.0
1265.0
1260.0
2324.0
1919.0
5279.0
1462.0
2234.0
2949.0
3278.0
5534.0
1484.0
1061.0
1343.0
1474.0
1829.0
1300.0
1481.0
1985.0
5708.0
2885.0
1194.0
1415.0
1019.0
1514.0
2963.0
1495.0
1494.0
2248.0
2758.0
3630.0
4752.0
1500.0
2298.0
1135.0
1950.0
4556.0
1533.0
1951.0
2377.0
1187.0
1265.0
1923.0
3602.0
4718.0
4758.0
6252.0
6280.0
7782.0
8387.0
10080.0
1822.0
2520.0
2685.0
3373.0
3995.0
4286.0
4820.0
5165.0
5998.0
6157.0
6843.0
7577.0
8486.0
5338.0
7773.0
1337.0
1475.0
2477.0
2699.0
3165.0
3727.0
4174.0
4754.0
4866.0
1819.0
2739.0
2893.0
3759.0
3797.0
4355.0
795.0
1274.0
1992.0
2671.0
1102.0
960.0
1686.0
3263.0
4168.0
4821.0
1084.0
2210.0
6504.0
7399.0
9021.0
9816.0
1117.0
1693.0
1904.0
2520.0
2820.0
3000.0
696.0
3753.0
1500.0
1726.0
2312.0
1093.0
1648.0
2272.0
2247.0
2623.0
3954.0
4575.0
1257.0
1673.0
2652.0
3354.0
946.0
1088.0
1730.0
2377.0
2763.0
5195.0
2247.0
3582.0
3853.0
4374.0
3125.0
5972.0
7158.0
1978.0
2333.0
2254.0
2910.0
1086.0
1300.0
1529.0
3023.0
1424.0
1683.0
2022.0
1617.0
2205.0
2897.0
2828.0
4684.0
4459.0
1513.0
3774.0
6228.0
8303.0
1665.0
2465.0
5235.0
1759.0
1877.0
3573.0
2389.0
1633.0
2449.0
2860.0
4623.0
1405.0
1949.0
2851.0
3676.0
1309.0
4156.0
4669.0
1819.0
1985.0
2766.0
2444.0
7024.0
1180.0
2687.0
1143.0
2365.0
3459.0
6315.0
1911.0
1964.0
2661.0
1616.0
2326.0
4133.0
1890.0
2719.0
1353.0
1666.0
2829.0
2882.0
3315.0
1533.0
1934.0
4181.0
4346.0
1695.0
1711.0
3179.0
4860.0
2161.0
6056.0
1963.0
1320.0
2092.0
2705.0
1369.0
1872.0
1213.0
3309.0
1705.0
2618.0
3417.0
1800.0
1844.0
1935.0
1138.0
2926.0
4232.0
6124.0
1771.0
2178.0
1207.0
4163.0
2534.0
2542.0
3970.0
6566.0
2809.0
3213.0
1931.0
2302.0
2031.0
2077.0
1570.0
2059.0
4479.0
4107.0
1495.0
1727.0
1698.0
1649.0
2841.0
1435.0
1937.0
1205.0
1658.0
2621.0
3091.0
1625.0
1820.0
2240.0
1244.0
1036.0
1920.0
1923.0
1134.0
1526.0
1322.0
1476.0
1924.0
2355.0
2397.0
1751.0
1129.0
4377.0
1672.0
2739.0
1295.0
1453.0
1605.0
2015.0
3097.0
4693.0
4731.0
1650.0
6404.0
7478.0
1247.0
1209.0
2138.0
10111.0
1368.0
2151.0
2309.0
3702.0
3729.0
4553.0
4966.0
5214.0
6019.0
6257.0
6547.0
2926.0
3740.0
5027.0
9548.0
1884.0
1863.0
2435.0
1780.0
1203.0
1572.0
1459.0
2396.0
1842.0
1128.0
2266.0
2652.0
3342.0
3852.0
4385.0
2051.0
5732.0
6538.0
1034.0
6051.0
1173.0
1636.0
1587.0
1627.0
1729.0
4079.0
4607.0
2894.0
1385.0
1946.0
1798.0
1292.0
1754.0
3980.0
3376.0
1589.0
3870.0
2799.0
1473.0
1564.0
2775.0
3060.0
3413.0
6750.0
11171.0
1948.0
3697.0
1361.0
5296.0
6685.0
1416.0
3243.0
5902.0
1426.0
2142.0
2674.0
3272.0
1270.0
4289.0
1691.0
1508.0
2789.0
1181.0
1613.0
1836.0
898.0
2611.0
1359.0
1363.0
2216.0
1178.0
2260.0
5267.0
7729.0
3074.0
1873.0
2478.0
2878.0
4686.0
5835.0
1526.0
3862.0
2085.0
927.0
1865.0
1422.0
1559.0
1576.0
2649.0
2880.0
3011.0
1710.0
1453.0
850.0
3036.0
2384.0
1786.0
1697.0
2009.0
6035.0
1557.0
2049.0
4963.0
8128.0
7513.0
2408.0
3683.0
2559.0
3192.0
2532.0
1331.0
9371.0
2651.0
1449.0
2518.0
2956.0
3046.0
4576.0
4757.0
7076.0
7765.0
1106.0
1613.0
1142.0
1835.0
2550.0
1495.0
1583.0
1722.0
1892.0
1182.0
1390.0
1769.0
1966.0
2965.0
2654.0
1704.0
6561.0
1592.0
2753.0
1423.0
3093.0
1933.0
4073.0
1812.0
4050.0
1096.0
1548.0
1266.0
1316.0
2614.0
3237.0
3443.0
1860.0
1905.0
2493.0
5178.0
1435.0
2676.0
1218.0
1755.0
2665.0
3392.0
3581.0
4350.0
5329.0
5152.0
4641.0
8601.0
10421.0
1715.0
2670.0
1645.0
1717.0
1992.0
2392.0
3190.0
5840.0
3447.0
4513.0
4557.0
1664.0
2637.0
6630.0
5178.0
1406.0
1688.0
1444.0
1735.0
1397.0
2313.0
3104.0
3451.0
3998.0
4801.0
4893.0
5613.0
6243.0
7968.0
4935.0
9424.0
2498.0
2338.0
2197.0
7797.0
2012.0
2132.0
3489.0
3759.0
4957.0
4377.0
7032.0
4407.0
7832.0
1784.0
3177.0
3737.0
3952.0
2662.0
6975.0
8010.0
9525.0
1261.0
1859.0
5108.0
2258.0
2875.0
3163.0
3400.0
4170.0
1408.0
5046.0
3634.0
1668.0
1231.0
1462.0
2650.0
3526.0
1339.0
1061.0
2012.0
1324.0
2236.0
2302.0
3463.0
2266.0
4819.0
1911.0
1963.0
1967.0
3061.0
3759.0
3806.0
4430.0
4734.0
3439.0
4557.0
3799.0
5709.0
1582.0
1873.0
2338.0
3079.0
1905.0
1567.0
3340.0
1765.0
1042.0
1234.0
1450.0
1468.0
1845.0
2442.0
1662.0
2102.0
1494.0
1526.0
1667.0
2239.0
2376.0
2624.0
4016.0
4634.0
1724.0
3385.0
2419.0
2409.0
2863.0
3365.0
3836.0
3936.0
4865.0
4030.0
887.0
1438.0
1545.0
1226.0
2629.0
928.0
946.0
1082.0
1435.0
3282.0
1403.0
1609.0
1107.0
1147.0
1007.0
1202.0
1990.0
3416.0
1617.0
1351.0
1404.0
2385.0
2544.0
3467.0
4145.0
4365.0
4667.0
3648.0
1747.0
6370.0
5824.0
4449.0
2048.0
5568.0
1104.0
1716.0
2168.0
3039.0
3082.0
1711.0
1287.0
1673.0
2173.0
2694.0
3381.0
3714.0
4656.0
4691.0
4700.0
5717.0
5929.0
4506.0
4753.0
3793.0
2981.0
3648.0
1364.0
1372.0
1174.0
2012.0
1077.0
1314.0
3206.0
3407.0
1264.0
7989.0
1709.0
2031.0
2092.0
2736.0
3466.0
4180.0
4900.0
3439.0
7695.0
8665.0
9118.0
1806.0
1331.0
1723.0
1371.0
2000.0
2527.0
3321.0
4760.0
1571.0
1459.0
7262.0
9866.0
1989.0
2136.0
3492.0
2250.0
1449.0
1748.0
2187.0
2745.0
3630.0
2768.0
1995.0
2884.0
1405.0
1740.0
1277.0
1970.0
3114.0
3688.0
5708.0
6130.0
5053.0
6080.0
1267.0
1498.0
2138.0
2443.0
3235.0
4866.0
5753.0
1581.0
8441.0
3686.0
5655.0
1572.0
1966.0
3939.0
1066.0
1950.0
1966.0
1409.0
2407.0
2522.0
3862.0
2437.0
1709.0
2934.0
3380.0
4432.0
4720.0
5329.0
5923.0
6661.0
6923.0
8555.0
8262.0
1833.0
2402.0
2618.0
3047.0
4022.0
4698.0
4765.0
2927.0
5858.0
2808.0
2673.0
8090.0
3670.0
2039.0
2355.0
3419.0
4499.0
4545.0
4543.0
5920.0
6030.0
6761.0
7708.0
1898.0
1920.0
3812.0
1618.0
1748.0
3057.0
5346.0
8681.0
9773.0
2392.0
382.0
1357.0
2836.0
4067.0
4795.0
4678.0
6310.0
9565.0
1491.0
2993.0
3588.0
4661.0
9120.0
1204.0
1966.0
3679.0
5190.0
1565.0
6417.0
3207.0
6967.0
7823.0
4208.0
2006.0
2623.0
3428.0
3730.0
3899.0
4425.0
4621.0
5273.0
5722.0
6646.0
4925.0
6356.0
1108.0
2213.0
2411.0
3560.0
3720.0
4365.0
4898.0
4907.0
5674.0
937.0
6772.0
6847.0
1363.0
6195.0
5254.0
4945.0
1712.0
2274.0
3053.0
3804.0
4415.0
4994.0
1730.0
5907.0
6400.0
2130.0
5304.0
2657.0
4146.0
1529.0
3343.0
4462.0
1621.0
5486.0
1723.0
1696.0
2441.0
1473.0
1598.0
3067.0
3386.0
2719.0
892.0
1478.0
1962.0
885.0
1425.0
1780.0
2764.0
3790.0
2253.0
1863.0
6941.0
1210.0
2131.0
3814.0
4620.0
1882.0
5713.0
5864.0
2938.0
1716.0
9334.0
6310.0
1418.0
1712.0
1096.0
2896.0
1504.0
1548.0
5683.0
7047.0
1809.0
5307.0
1521.0
1737.0
1873.0
3005.0
1704.0
3608.0
3773.0
1659.0
2077.0
1588.0
8310.0
9692.0
2345.0
2926.0
2271.0
1542.0
1741.0
2327.0
5413.0
5970.0
3996.0
1703.0
1967.0
1981.0
1049.0
1508.0
1916.0
2680.0
2908.0
3830.0
4184.0
6310.0
6712.0
1796.0
1910.0
2010.0
3398.0
1499.0
3120.0
1509.0
1848.0
1882.0
1827.0
1374.0
3606.0
4886.0
1508.0
1608.0
2274.0
3896.0
2724.0
1785.0
1845.0
2292.0
3402.0
3543.0
4067.0
4344.0
1291.0
1747.0
1502.0
1645.0
2038.0
1488.0
1667.0
1982.0
1963.0
3813.0
1298.0
1213.0
1548.0
1338.0
1951.0
3485.0
1375.0
1678.0
1573.0
1628.0
2078.0
939.0
1893.0
1493.0
1550.0
1768.0
2672.0
2665.0
3009.0
3176.0
1190.0
1342.0
947.0
1136.0
1968.0
1386.0
1130.0
1489.0
1849.0
3609.0
2180.0
1933.0
2643.0
1492.0
3218.0
4156.0
5298.0
1086.0
1810.0
1880.0
1747.0
2491.0
2503.0
1425.0
1601.0
1171.0
1186.0
1078.0
1454.0
1127.0
1336.0
1058.0
1355.0
2165.0
1031.0
1054.0
1110.0
909.0
1341.0
868.0
1175.0
966.0
1078.0
1649.0
2749.0
2977.0
1375.0
1552.0
1271.0
1402.0
1879.0
1546.0
1727.0
1757.0
2659.0
2842.0
1506.0
2489.0
2580.0
2053.0
5314.0
6543.0
2854.0
2736.0
1756.0
3997.0
1624.0
6322.0
3887.0
2490.0
1818.0
