0.0	0.0
1.0	0.0
2.0	1.0
3.0	1.0
4.0	1.0
5.0	1.0
6.0	1.0
7.0	1.0
8.0	1.0
9.0	1.0
10.0	1.0
11.0	1.0
12.0	1.0
13.0	0.888888888888889
14.0	0.888888888888889
15.0	0.888888888888889
16.0	0.888888888888889
17.0	0.888888888888889
18.0	0.888888888888889
19.0	0.888888888888889
20.0	0.888888888888889
21.0	0.888888888888889
22.0	0.896551724137931
23.0	0.896551724137931
24.0	0.9032258064516129
25.0	0.9142857142857143
26.0	0.9142857142857143
27.0	0.9142857142857143
28.0	0.923076923076923
29.0	0.878048780487805
30.0	0.878048780487805
31.0	0.878048780487805
32.0	0.878048780487805
33.0	0.878048780487805
34.0	0.8837209302325582
35.0	0.8837209302325582
36.0	0.8837209302325582
37.0	0.8936170212765957
38.0	0.88
39.0	0.888888888888889
40.0	0.888888888888889
41.0	0.8928571428571428
42.0	0.8928571428571428
43.0	0.8852459016393442
44.0	0.8852459016393442
45.0	0.8852459016393442
46.0	0.8923076923076924
47.0	0.898550724637681
48.0	0.898550724637681
49.0	0.9014084507042254
50.0	0.9014084507042254
51.0	0.9041095890410958
52.0	0.9090909090909091
53.0	0.9090909090909091
54.0	0.9090909090909091
55.0	0.9090909090909091
56.0	0.9
57.0	0.9
58.0	0.9069767441860465
59.0	0.9111111111111111
60.0	0.9111111111111111
61.0	0.9111111111111111
62.0	0.9130434782608696
63.0	0.9130434782608696
64.0	0.9130434782608696
65.0	0.9148936170212766
66.0	0.9148936170212766
67.0	0.9148936170212766
68.0	0.9
69.0	0.9
70.0	0.9019607843137255
71.0	0.9038461538461539
72.0	0.9038461538461539
73.0	0.9038461538461539
74.0	0.9038461538461539
75.0	0.9038461538461539
76.0	0.9074074074074074
77.0	0.9107142857142857
78.0	0.912280701754386
79.0	0.9152542372881356
80.0	0.9166666666666665
81.0	0.9180327868852458
82.0	0.9206349206349207
83.0	0.9206349206349207
84.0	0.9206349206349207
85.0	0.9218749999999999
86.0	0.923076923076923
87.0	0.923076923076923
88.0	0.9242424242424242
89.0	0.9242424242424242
90.0	0.9242424242424242
91.0	0.9253731343283582
92.0	0.9264705882352942
93.0	0.9264705882352942
94.0	0.9264705882352942
95.0	0.9264705882352942
96.0	0.9219858156028369
97.0	0.923076923076923
98.0	0.923076923076923
99.0	0.9241379310344828
100.0	0.9241379310344828
101.0	0.9251700680272109
102.0	0.9251700680272109
103.0	0.9251700680272109
104.0	0.9261744966442954
105.0	0.92
106.0	0.9210526315789473
107.0	0.9210526315789473
108.0	0.9210526315789473
109.0	0.9240506329113923
110.0	0.9240506329113923
111.0	0.925
112.0	0.925
113.0	0.9259259259259258
114.0	0.9259259259259258
115.0	0.9268292682926831
116.0	0.9268292682926831
117.0	0.9268292682926831
118.0	0.9268292682926831
119.0	0.9294117647058823
120.0	0.9302325581395349
121.0	0.9302325581395349
122.0	0.9302325581395349
123.0	0.9318181818181818
124.0	0.9318181818181818
125.0	0.9325842696629214
126.0	0.9325842696629214
127.0	0.9325842696629214
128.0	0.9325842696629214
129.0	0.9325842696629214
130.0	0.9325842696629214
131.0	0.9347826086956522
132.0	0.9381443298969072
133.0	0.9381443298969072
134.0	0.9387755102040817
135.0	0.9387755102040817
136.0	0.9400000000000001
137.0	0.9400000000000001
138.0	0.9400000000000001
139.0	0.9400000000000001
140.0	0.9400000000000001
141.0	0.9313725490196079
142.0	0.9320388349514562
143.0	0.9320388349514562
144.0	0.9333333333333333
145.0	0.9339622641509434
146.0	0.9339622641509434
147.0	0.9345794392523364
148.0	0.9345794392523364
149.0	0.9351851851851851
150.0	0.9351851851851851
151.0	0.9351851851851851
152.0	0.9351851851851851
153.0	0.9351851851851851
154.0	0.9351851851851851
155.0	0.9351851851851851
156.0	0.9351851851851851
157.0	0.9351851851851851
158.0	0.9351851851851851
159.0	0.9351851851851851
160.0	0.9363636363636364
161.0	0.9369369369369369
162.0	0.9369369369369369
163.0	0.9369369369369369
164.0	0.9369369369369369
165.0	0.9369369369369369
166.0	0.9369369369369369
167.0	0.9375
168.0	0.9380530973451328
169.0	0.9391304347826087
170.0	0.9391304347826087
171.0	0.9391304347826087
172.0	0.9391304347826087
173.0	0.9391304347826087
174.0	0.9391304347826087
175.0	0.9361702127659574
176.0	0.9361702127659574
177.0	0.9387755102040816
178.0	0.9387755102040816
179.0	0.9392712550607286
180.0	0.9402390438247011
181.0	0.9402390438247011
182.0	0.9407114624505928
183.0	0.9411764705882352
184.0	0.9420849420849421
185.0	0.9420849420849421
186.0	0.9425287356321839
187.0	0.9425287356321839
188.0	0.9425287356321839
189.0	0.9425287356321839
190.0	0.9438202247191011
191.0	0.9377289377289377
192.0	0.9377289377289377
193.0	0.9386281588447654
194.0	0.9386281588447654
195.0	0.9386281588447654
196.0	0.9390681003584228
197.0	0.9390681003584228
198.0	0.9390681003584228
199.0	0.9390681003584228
200.0	0.9395017793594306
201.0	0.9395017793594306
202.0	0.9399293286219081
203.0	0.9411764705882352
204.0	0.9423728813559322
205.0	0.9427609427609427
206.0	0.9427609427609427
207.0	0.9427609427609427
208.0	0.94314381270903
209.0	0.94314381270903
210.0	0.943894389438944
211.0	0.943894389438944
212.0	0.943894389438944
213.0	0.943894389438944
214.0	0.9290322580645161
215.0	0.9290322580645161
216.0	0.9290322580645161
217.0	0.9290322580645161
218.0	0.9290322580645161
219.0	0.9290322580645161
220.0	0.9294871794871796
221.0	0.930379746835443
222.0	0.930379746835443
223.0	0.9308176100628931
224.0	0.9308176100628931
225.0	0.9308176100628931
226.0	0.9308176100628931
227.0	0.9312499999999999
228.0	0.9312499999999999
229.0	0.9316770186335405
230.0	0.9320987654320988
231.0	0.9320987654320988
232.0	0.9320987654320988
233.0	0.9325153374233128
234.0	0.9325153374233128
235.0	0.9325153374233128
236.0	0.9325153374233128
237.0	0.9325153374233128
238.0	0.9325153374233128
239.0	0.9325153374233128
240.0	0.9329268292682927
241.0	0.9329268292682927
242.0	0.9329268292682927
243.0	0.9329268292682927
244.0	0.9329268292682927
245.0	0.9337349397590362
246.0	0.9337349397590362
247.0	0.9337349397590362
248.0	0.9337349397590362
249.0	0.9337349397590362
250.0	0.9341317365269461
251.0	0.9341317365269461
252.0	0.9349112426035503
253.0	0.9352941176470587
254.0	0.935672514619883
255.0	0.935672514619883
256.0	0.935672514619883
257.0	0.9375000000000001
258.0	0.9375000000000001
259.0	0.9322033898305084
260.0	0.9322033898305084
261.0	0.9325842696629215
262.0	0.9329608938547487
263.0	0.9329608938547487
264.0	0.9329608938547487
265.0	0.9329608938547487
266.0	0.9333333333333335
267.0	0.934065934065934
268.0	0.9344262295081968
269.0	0.9344262295081968
270.0	0.9351351351351352
271.0	0.935483870967742
272.0	0.935483870967742
273.0	0.935483870967742
274.0	0.9358288770053477
275.0	0.9358288770053477
276.0	0.9358288770053477
277.0	0.9361702127659575
278.0	0.9361702127659575
279.0	0.9368421052631578
280.0	0.9374999999999999
281.0	0.9381443298969072
282.0	0.9381443298969072
283.0	0.9381443298969072
284.0	0.9336734693877551
285.0	0.9336734693877551
286.0	0.9336734693877551
287.0	0.9336734693877551
288.0	0.9336734693877551
289.0	0.934010152284264
290.0	0.934010152284264
291.0	0.9346733668341709
292.0	0.9346733668341709
293.0	0.9346733668341709
294.0	0.9346733668341709
295.0	0.9349999999999999
296.0	0.9349999999999999
297.0	0.9349999999999999
298.0	0.9353233830845771
299.0	0.935960591133005
300.0	0.935960591133005
301.0	0.935960591133005
302.0	0.935960591133005
303.0	0.935960591133005
304.0	0.935960591133005
305.0	0.935960591133005
306.0	0.935960591133005
307.0	0.9362745098039216
308.0	0.9362745098039216
309.0	0.9362745098039216
310.0	0.9371980676328502
311.0	0.9371980676328502
312.0	0.9371980676328502
313.0	0.9371980676328502
314.0	0.9375
315.0	0.9375
316.0	0.937799043062201
317.0	0.938388625592417
318.0	0.9389671361502349
319.0	0.9389671361502349
320.0	0.9389671361502349
321.0	0.9389671361502349
322.0	0.9395348837209302
323.0	0.9395348837209302
324.0	0.9398148148148149
325.0	0.9398148148148149
326.0	0.9400921658986175
327.0	0.9409090909090909
328.0	0.9409090909090909
329.0	0.9409090909090909
330.0	0.9411764705882353
331.0	0.9411764705882353
332.0	0.9411764705882353
333.0	0.9330357142857143
334.0	0.9330357142857143
335.0	0.9333333333333333
336.0	0.9333333333333333
337.0	0.9342105263157895
338.0	0.9342105263157895
339.0	0.9342105263157895
340.0	0.9344978165938864
341.0	0.9356223175965666
342.0	0.9356223175965666
343.0	0.9361702127659575
344.0	0.9341825902335456
345.0	0.9344608879492602
346.0	0.9347368421052632
347.0	0.9347368421052632
348.0	0.9350104821802936
349.0	0.9350104821802936
350.0	0.9350104821802936
351.0	0.9350104821802936
352.0	0.9352818371607515
353.0	0.9352818371607515
354.0	0.9352818371607515
355.0	0.9352818371607515
356.0	0.9352818371607515
357.0	0.9355509355509355
358.0	0.9355509355509355
359.0	0.9358178053830227
360.0	0.9363449691991785
361.0	0.9366053169734151
362.0	0.9366053169734151
363.0	0.9366053169734151
364.0	0.9366053169734151
365.0	0.9366053169734151
366.0	0.9373737373737374
367.0	0.9373737373737374
368.0	0.9378757515030061
369.0	0.9378757515030061
370.0	0.9383697813121272
371.0	0.9383697813121272
372.0	0.9386138613861386
373.0	0.9388560157790926
374.0	0.9388560157790926
375.0	0.9388560157790926
376.0	0.9333333333333332
377.0	0.93359375
378.0	0.93359375
379.0	0.9343629343629343
380.0	0.9343629343629343
381.0	0.9346153846153846
382.0	0.9346153846153846
383.0	0.9346153846153846
384.0	0.9348659003831418
385.0	0.9348659003831418
386.0	0.9351145038167938
387.0	0.9351145038167938
388.0	0.9351145038167938
389.0	0.9351145038167938
390.0	0.9338374291115312
391.0	0.9338374291115312
392.0	0.9338374291115312
393.0	0.9338374291115312
394.0	0.9338374291115312
395.0	0.9338374291115312
396.0	0.9338374291115312
397.0	0.9338374291115312
398.0	0.9340866290018833
399.0	0.9340866290018833
400.0	0.9345794392523363
401.0	0.9345794392523363
402.0	0.9345794392523363
403.0	0.9345794392523363
404.0	0.9355432780847145
405.0	0.9340659340659342
406.0	0.9350180505415163
407.0	0.935251798561151
408.0	0.935483870967742
409.0	0.935483870967742
410.0	0.935483870967742
411.0	0.935483870967742
412.0	0.935483870967742
413.0	0.935483870967742
414.0	0.935483870967742
415.0	0.9357142857142857
416.0	0.9357142857142857
417.0	0.9359430604982207
418.0	0.9295774647887325
419.0	0.9298245614035088
420.0	0.9303135888501742
421.0	0.9303135888501742
422.0	0.9307958477508651
423.0	0.9307958477508651
424.0	0.9310344827586208
425.0	0.9310344827586208
426.0	0.9315068493150684
427.0	0.9315068493150684
428.0	0.9317406143344709
429.0	0.9317406143344709
430.0	0.9322033898305084
431.0	0.9322033898305084
432.0	0.9322033898305084
433.0	0.9290540540540541
434.0	0.9292929292929293
435.0	0.9292929292929293
436.0	0.9295302013422819
437.0	0.9295302013422819
438.0	0.9295302013422819
439.0	0.9297658862876254
440.0	0.9299999999999999
441.0	0.9302325581395349
442.0	0.9302325581395349
443.0	0.9304635761589404
444.0	0.9306930693069306
445.0	0.9311475409836065
446.0	0.9313725490196078
447.0	0.9315960912052117
448.0	0.9320388349514562
449.0	0.9320388349514562
450.0	0.9320388349514562
451.0	0.9320388349514562
452.0	0.9320388349514562
453.0	0.9322580645161289
454.0	0.9326923076923078
455.0	0.9329073482428115
456.0	0.9329073482428115
457.0	0.9329073482428115
458.0	0.9329073482428115
459.0	0.9331210191082803
460.0	0.9335443037974683
461.0	0.9335443037974683
462.0	0.9337539432176656
463.0	0.9341692789968652
464.0	0.934375
465.0	0.934375
466.0	0.934375
467.0	0.934375
468.0	0.934375
469.0	0.934375
470.0	0.9345794392523363
471.0	0.9287925696594428
472.0	0.9287925696594428
473.0	0.9290123456790124
474.0	0.9294478527607363
475.0	0.9294478527607363
476.0	0.9296636085626911
477.0	0.9298780487804877
478.0	0.9298780487804877
479.0	0.9284627092846272
480.0	0.9288956127080181
481.0	0.9288956127080181
482.0	0.9288956127080181
483.0	0.9260935143288084
484.0	0.9260935143288084
485.0	0.9260935143288084
486.0	0.9260935143288084
487.0	0.924698795180723
488.0	0.9251497005988024
489.0	0.9251497005988024
490.0	0.9258160237388724
491.0	0.9258160237388724
492.0	0.9258160237388724
493.0	0.9258160237388724
494.0	0.9258160237388724
495.0	0.9258160237388724
496.0	0.9262536873156343
497.0	0.9262536873156343
498.0	0.9262536873156343
499.0	0.9262536873156343
500.0	0.9266862170087977
501.0	0.9266862170087977
502.0	0.9273255813953487
503.0	0.9273255813953487
504.0	0.9277456647398844
505.0	0.9277456647398844
506.0	0.92816091954023
507.0	0.9285714285714286
508.0	0.9287749287749288
509.0	0.9287749287749288
510.0	0.9287749287749288
511.0	0.9289772727272727
512.0	0.9289772727272727
513.0	0.9291784702549575
514.0	0.9291784702549575
515.0	0.9291784702549575
516.0	0.9291784702549575
517.0	0.9297752808988765
518.0	0.9303621169916434
519.0	0.9305555555555557
520.0	0.9305555555555557
521.0	0.930939226519337
522.0	0.930232558139535
523.0	0.930232558139535
524.0	0.930232558139535
525.0	0.930232558139535
526.0	0.9304229195088677
527.0	0.9293478260869564
528.0	0.9293478260869564
529.0	0.9293478260869564
530.0	0.9282814614343707
531.0	0.9290495314591699
532.0	0.9290495314591699
533.0	0.929427430093209
534.0	0.929427430093209
535.0	0.929427430093209
536.0	0.929427430093209
537.0	0.929427430093209
538.0	0.9296148738379815
539.0	0.9301712779973649
540.0	0.9301712779973649
541.0	0.9303547963206308
542.0	0.9303547963206308
543.0	0.9303547963206308
544.0	0.9303547963206308
545.0	0.9307189542483661
546.0	0.9307189542483661
547.0	0.9308996088657105
548.0	0.9308996088657105
549.0	0.9310793237971392
550.0	0.9310793237971392
551.0	0.9312581063553826
552.0	0.9314359637774903
553.0	0.9319640564826701
554.0	0.932484076433121
555.0	0.9326556543837357
556.0	0.9328263624841571
557.0	0.9328263624841571
558.0	0.9329962073324906
559.0	0.9329962073324906
560.0	0.9329962073324906
561.0	0.9331651954602774
562.0	0.9331651954602774
563.0	0.9331651954602774
564.0	0.9331651954602774
565.0	0.9331651954602774
566.0	0.9331651954602774
567.0	0.9331651954602774
568.0	0.9331651954602774
569.0	0.9331651954602774
570.0	0.9336670838548186
571.0	0.9336670838548186
572.0	0.933832709113608
573.0	0.933832709113608
574.0	0.933832709113608
575.0	0.9341614906832298
576.0	0.9341614906832298
577.0	0.9343246592317225
578.0	0.9320148331273177
579.0	0.9323493234932348
580.0	0.9304029304029303
581.0	0.9305724725943971
582.0	0.9310761789600968
583.0	0.9312424607961399
584.0	0.9312424607961399
585.0	0.9312424607961399
586.0	0.9312424607961399
587.0	0.931899641577061
588.0	0.931899641577061
589.0	0.9307875894988067
590.0	0.930952380952381
591.0	0.930952380952381
592.0	0.930952380952381
593.0	0.930952380952381
594.0	0.9312796208530806
595.0	0.9320843091334895
596.0	0.9320843091334895
597.0	0.9320843091334895
598.0	0.9313154831199069
599.0	0.9313154831199069
600.0	0.9317919075144508
601.0	0.9296424452133794
602.0	0.9298043728423475
603.0	0.9298043728423475
604.0	0.9301260022909507
605.0	0.9304446978335233
606.0	0.9307604994324631
607.0	0.9307604994324631
608.0	0.931228861330327
609.0	0.9313835770528684
610.0	0.9316909294512878
611.0	0.9316909294512878
612.0	0.9316909294512878
613.0	0.9316909294512878
614.0	0.9318435754189944
615.0	0.9318435754189944
616.0	0.9318435754189944
617.0	0.9297658862876254
618.0	0.922737306843267
619.0	0.922737306843267
620.0	0.923076923076923
621.0	0.923076923076923
622.0	0.9232456140350876
623.0	0.9237472766884532
624.0	0.9237472766884532
625.0	0.9237472766884532
626.0	0.9237472766884532
627.0	0.9239130434782609
628.0	0.9239130434782609
629.0	0.9240780911062906
630.0	0.9244060475161987
631.0	0.9244060475161987
632.0	0.9245689655172413
633.0	0.9245689655172413
634.0	0.9245689655172413
635.0	0.924892703862661
636.0	0.924892703862661
637.0	0.924892703862661
638.0	0.925531914893617
639.0	0.9258474576271187
640.0	0.9260042283298097
641.0	0.9260042283298097
642.0	0.9261603375527426
643.0	0.9261603375527426
644.0	0.9261603375527426
645.0	0.9261603375527426
646.0	0.9261603375527426
647.0	0.9261603375527426
648.0	0.9261603375527426
649.0	0.9261603375527426
650.0	0.9232386961093585
651.0	0.9233997901364113
652.0	0.9233997901364113
653.0	0.9233997901364113
654.0	0.9233997901364113
655.0	0.9233997901364113
656.0	0.9233997901364113
657.0	0.9233997901364113
658.0	0.9235602094240837
659.0	0.9235602094240837
660.0	0.9241952232606438
661.0	0.9241952232606438
662.0	0.9243523316062177
663.0	0.9243523316062177
664.0	0.9243523316062177
665.0	0.9243523316062177
666.0	0.9243523316062177
667.0	0.9243523316062177
668.0	0.9243523316062177
669.0	0.9249743062692704
670.0	0.925281473899693
671.0	0.9249492900608519
672.0	0.9252525252525251
673.0	0.9254032258064516
674.0	0.9255533199195171
675.0	0.9258517034068137
676.0	0.9258517034068137
677.0	0.9258517034068137
678.0	0.9259999999999999
679.0	0.9261477045908184
680.0	0.9261477045908184
681.0	0.9261477045908184
682.0	0.9261477045908184
683.0	0.926441351888668
684.0	0.926441351888668
685.0	0.926441351888668
686.0	0.9267326732673268
687.0	0.9268774703557312
688.0	0.9268774703557312
689.0	0.9268774703557312
690.0	0.9274509803921569
691.0	0.9275929549902154
692.0	0.9277343750000001
693.0	0.9278752436647173
694.0	0.9280155642023346
695.0	0.9280155642023346
696.0	0.9280155642023346
697.0	0.9282945736434107
698.0	0.9284332688588008
699.0	0.927536231884058
700.0	0.9239653512993261
701.0	0.9239653512993261
702.0	0.9239653512993261
703.0	0.9241114313160422
704.0	0.9242569511025888
705.0	0.9245463228271251
706.0	0.9245463228271251
707.0	0.9245463228271251
708.0	0.9246901811248809
709.0	0.923954372623574
710.0	0.923954372623574
711.0	0.923954372623574
712.0	0.9240986717267553
713.0	0.9240986717267553
714.0	0.9240986717267553
715.0	0.9240986717267553
716.0	0.9240986717267553
717.0	0.9243856332703214
718.0	0.9243856332703214
719.0	0.9245283018867924
720.0	0.9245283018867924
721.0	0.9249530956848031
722.0	0.9250936329588015
723.0	0.9243697478991597
724.0	0.9245107176141658
725.0	0.924791086350975
726.0	0.924791086350975
727.0	0.924791086350975
728.0	0.924791086350975
729.0	0.924791086350975
730.0	0.9249304911955515
731.0	0.9249304911955515
732.0	0.9249304911955515
733.0	0.9249304911955515
734.0	0.9250693802035153
735.0	0.9250693802035153
736.0	0.9253456221198157
737.0	0.9254829806807727
738.0	0.9256198347107438
739.0	0.925756186984418
740.0	0.925756186984418
741.0	0.925756186984418
742.0	0.925756186984418
743.0	0.9258920402561757
744.0	0.9258920402561757
745.0	0.9258920402561757
746.0	0.9258920402561757
747.0	0.9258920402561757
748.0	0.9258920402561757
749.0	0.9258920402561757
750.0	0.9261622607110301
751.0	0.9261622607110301
752.0	0.9261622607110301
753.0	0.9262966333030027
754.0	0.9262966333030027
755.0	0.9265639165911151
756.0	0.9265639165911151
757.0	0.9266968325791856
758.0	0.9268292682926829
759.0	0.9272237196765499
760.0	0.9272237196765499
761.0	0.927354260089686
762.0	0.927354260089686
763.0	0.9276139410187667
764.0	0.9276139410187667
765.0	0.9278717720391807
766.0	0.9278717720391807
767.0	0.9278717720391807
768.0	0.9278717720391807
769.0	0.9278717720391807
770.0	0.9282550930026573
771.0	0.9283819628647215
772.0	0.9283819628647215
773.0	0.9286343612334802
774.0	0.9286343612334802
775.0	0.928759894459103
776.0	0.9291338582677164
777.0	0.9295039164490863
778.0	0.9295039164490863
779.0	0.9297484822202948
780.0	0.9297484822202948
781.0	0.9297484822202948
782.0	0.9297484822202948
783.0	0.9299913569576491
784.0	0.9299913569576491
785.0	0.9302325581395349
786.0	0.9302325581395349
787.0	0.9303525365434222
788.0	0.9303525365434222
789.0	0.9303525365434222
790.0	0.929553264604811
791.0	0.929553264604811
792.0	0.92991452991453
793.0	0.92991452991453
794.0	0.9301533219761499
795.0	0.9301533219761499
796.0	0.9301533219761499
797.0	0.9301533219761499
798.0	0.9301533219761499
799.0	0.9301533219761499
800.0	0.9301533219761499
801.0	0.9303904923599322
802.0	0.9303904923599322
803.0	0.9308600337268128
804.0	0.9308600337268128
805.0	0.9309764309764309
806.0	0.9310924369747899
807.0	0.9310924369747899
808.0	0.9310924369747899
809.0	0.9310924369747899
810.0	0.9310924369747899
811.0	0.9310924369747899
812.0	0.9310924369747899
813.0	0.9310924369747899
814.0	0.9310924369747899
815.0	0.9310924369747899
816.0	0.9313232830820769
817.0	0.931438127090301
818.0	0.9315525876460767
819.0	0.9315525876460767
820.0	0.9322314049586777
821.0	0.9322314049586777
822.0	0.9324546952224053
823.0	0.9324546952224053
824.0	0.9326765188834154
825.0	0.9327868852459017
826.0	0.9327868852459017
827.0	0.9327868852459017
828.0	0.9327868852459017
829.0	0.9327868852459017
830.0	0.9330065359477123
831.0	0.9330065359477123
832.0	0.9330065359477123
833.0	0.9330065359477123
834.0	0.9332247557003258
835.0	0.9320388349514562
836.0	0.9322580645161289
837.0	0.932475884244373
838.0	0.932475884244373
839.0	0.932475884244373
840.0	0.9326923076923078
841.0	0.9328
842.0	0.9329073482428115
843.0	0.9330143540669855
844.0	0.9330143540669855
845.0	0.9330143540669855
846.0	0.933227344992051
847.0	0.9334389857369256
848.0	0.9334389857369256
849.0	0.9334389857369256
850.0	0.9334389857369256
851.0	0.9334389857369256
852.0	0.9334389857369256
853.0	0.9335443037974683
854.0	0.9335443037974683
855.0	0.9335443037974683
856.0	0.9335443037974683
857.0	0.9335443037974683
858.0	0.9336492890995262
859.0	0.9337539432176656
860.0	0.9337539432176656
861.0	0.9337539432176656
862.0	0.9339622641509434
863.0	0.9341692789968652
864.0	0.9342723004694837
865.0	0.9342723004694837
866.0	0.9342723004694837
867.0	0.9342723004694837
868.0	0.9342723004694837
869.0	0.9342723004694837
870.0	0.9342723004694837
871.0	0.9342723004694837
872.0	0.9344773790951639
873.0	0.9344773790951639
874.0	0.9344773790951639
875.0	0.9344773790951639
876.0	0.9344773790951639
877.0	0.9344773790951639
878.0	0.9344773790951639
879.0	0.9346811819595646
880.0	0.9347826086956522
881.0	0.9347826086956522
882.0	0.9347826086956522
883.0	0.9347826086956522
884.0	0.934261407579273
885.0	0.9343629343629344
886.0	0.9343629343629344
887.0	0.9343629343629344
888.0	0.9343629343629344
889.0	0.9343629343629344
890.0	0.9344641480339244
891.0	0.9346656418139893
892.0	0.9346656418139893
893.0	0.9347659247889486
894.0	0.9348659003831418
895.0	0.9348659003831418
896.0	0.934965570007651
897.0	0.934965570007651
898.0	0.934965570007651
899.0	0.9351639969488941
900.0	0.935361216730038
901.0	0.935361216730038
902.0	0.935361216730038
903.0	0.9342403628117912
904.0	0.9343396226415095
905.0	0.934438583270535
906.0	0.9345372460496614
907.0	0.9347336834208552
908.0	0.9347336834208552
909.0	0.9347336834208552
910.0	0.9347336834208552
911.0	0.9347336834208552
912.0	0.9348314606741573
913.0	0.9348314606741573
914.0	0.935026138909634
915.0	0.9352196574832464
916.0	0.9352196574832464
917.0	0.9352196574832464
918.0	0.9347181008902077
919.0	0.9348148148148149
920.0	0.9348148148148149
921.0	0.9348148148148149
922.0	0.9350073855243721
923.0	0.93519882179676
924.0	0.93519882179676
925.0	0.93519882179676
926.0	0.93519882179676
927.0	0.93519882179676
928.0	0.933920704845815
929.0	0.9342105263157895
930.0	0.9342105263157895
931.0	0.9343065693430658
932.0	0.934402332361516
933.0	0.934402332361516
934.0	0.934402332361516
935.0	0.9345930232558138
936.0	0.9345930232558138
937.0	0.934971098265896
938.0	0.935251798561151
939.0	0.935251798561151
940.0	0.935344827586207
941.0	0.935344827586207
942.0	0.9354375896700143
943.0	0.9354375896700143
944.0	0.9354375896700143
945.0	0.9356223175965664
946.0	0.9356223175965664
947.0	0.9356223175965664
948.0	0.9356223175965664
949.0	0.9356223175965664
950.0	0.9356223175965664
951.0	0.9356223175965664
952.0	0.9356223175965664
953.0	0.9359886201991465
954.0	0.9360795454545454
955.0	0.9360795454545454
956.0	0.9360795454545454
957.0	0.9361702127659574
958.0	0.9361702127659574
959.0	0.9361702127659574
960.0	0.9362606232294618
961.0	0.9364406779661018
962.0	0.9364406779661018
963.0	0.9364406779661018
964.0	0.9365303244005642
965.0	0.9365303244005642
966.0	0.9365303244005642
967.0	0.9366197183098592
968.0	0.9366197183098592
969.0	0.9367977528089887
970.0	0.9367977528089887
971.0	0.9367977528089887
972.0	0.9367977528089887
973.0	0.9369747899159664
974.0	0.9369747899159664
975.0	0.936496859734822
976.0	0.936496859734822
977.0	0.936496859734822
978.0	0.936496859734822
979.0	0.936496859734822
980.0	0.9365853658536586
981.0	0.9365853658536586
982.0	0.9365853658536586
983.0	0.9366736256089074
984.0	0.9367616400277972
985.0	0.9367616400277972
986.0	0.9367616400277972
987.0	0.9367616400277972
988.0	0.9367616400277972
989.0	0.936849410131853
990.0	0.936849410131853
991.0	0.936849410131853
992.0	0.936936936936937
993.0	0.936936936936937
994.0	0.9370242214532872
995.0	0.9370242214532872
996.0	0.9372846312887663
997.0	0.9372846312887663
998.0	0.9373709566414317
999.0	0.9373709566414317
