0.0	1.0
1.0	1.0
2.0	1.0
3.0	1.0
4.0	1.0
5.0	1.0
6.0	1.0
7.0	1.0
8.0	1.0
9.0	1.0
10.0	0.9090909090909091
11.0	0.8333333333333334
12.0	0.8461538461538461
13.0	0.8571428571428571
14.0	0.8
15.0	0.8125
16.0	0.8235294117647058
17.0	0.7777777777777778
18.0	0.7368421052631579
19.0	0.75
20.0	0.7619047619047619
21.0	0.7727272727272727
22.0	0.782608695652174
23.0	0.7916666666666666
24.0	0.8
25.0	0.8076923076923077
26.0	0.8148148148148148
27.0	0.8214285714285714
28.0	0.8275862068965517
29.0	0.8333333333333334
30.0	0.8333333333333334
31.0	0.8333333333333334
32.0	0.8333333333333334
33.0	0.8333333333333334
34.0	0.8333333333333334
35.0	0.8333333333333334
36.0	0.8333333333333334
37.0	0.8333333333333334
38.0	0.8333333333333334
39.0	0.8
40.0	0.8333333333333334
41.0	0.8666666666666667
42.0	0.8666666666666667
43.0	0.8333333333333334
44.0	0.8666666666666667
45.0	0.8666666666666667
46.0	0.8666666666666667
47.0	0.9
48.0	0.9333333333333333
49.0	0.9333333333333333
50.0	0.9333333333333333
51.0	0.9333333333333333
52.0	0.9333333333333333
53.0	0.9333333333333333
54.0	0.9333333333333333
55.0	0.9
56.0	0.9
57.0	0.9
58.0	0.9
59.0	0.9
60.0	0.9
61.0	0.9
62.0	0.9
63.0	0.9
64.0	0.9
65.0	0.9
66.0	0.9
67.0	0.9
68.0	0.9
69.0	0.9333333333333333
70.0	0.9333333333333333
71.0	0.9333333333333333
72.0	0.9333333333333333
73.0	0.9666666666666667
74.0	0.9666666666666667
75.0	0.9666666666666667
76.0	0.9666666666666667
77.0	0.9666666666666667
78.0	0.9666666666666667
79.0	0.9666666666666667
80.0	0.9666666666666667
81.0	0.9333333333333333
82.0	0.9333333333333333
83.0	0.9333333333333333
84.0	0.9
85.0	0.9333333333333333
86.0	0.9333333333333333
87.0	0.9333333333333333
88.0	0.9333333333333333
89.0	0.9333333333333333
90.0	0.9333333333333333
91.0	0.9333333333333333
92.0	0.9333333333333333
93.0	0.9333333333333333
94.0	0.9333333333333333
95.0	0.9333333333333333
96.0	0.9333333333333333
97.0	0.9333333333333333
98.0	0.9333333333333333
99.0	0.9333333333333333
100.0	0.9333333333333333
101.0	0.9333333333333333
102.0	0.9333333333333333
103.0	0.9333333333333333
104.0	0.9333333333333333
105.0	0.9333333333333333
106.0	0.9333333333333333
107.0	0.9333333333333333
108.0	0.9333333333333333
109.0	0.9333333333333333
110.0	0.9
111.0	0.9333333333333333
112.0	0.9333333333333333
113.0	0.9333333333333333
114.0	0.9666666666666667
115.0	0.9333333333333333
116.0	0.9333333333333333
117.0	0.9333333333333333
118.0	0.9333333333333333
119.0	0.9333333333333333
120.0	0.9333333333333333
121.0	0.9333333333333333
122.0	0.9
123.0	0.9
124.0	0.9
125.0	0.9
126.0	0.9
127.0	0.9
128.0	0.9
129.0	0.9
130.0	0.9
131.0	0.9
132.0	0.9
133.0	0.9
134.0	0.9
135.0	0.9
136.0	0.9
137.0	0.9
138.0	0.9
139.0	0.9
140.0	0.9
141.0	0.9
142.0	0.9
143.0	0.9
144.0	0.9
145.0	0.9333333333333333
146.0	0.9333333333333333
147.0	0.9333333333333333
148.0	0.9333333333333333
149.0	0.9333333333333333
150.0	0.9333333333333333
151.0	0.9333333333333333
152.0	0.9666666666666667
153.0	0.9333333333333333
154.0	0.9333333333333333
155.0	0.9333333333333333
156.0	0.9333333333333333
157.0	0.9333333333333333
158.0	0.9333333333333333
159.0	0.9333333333333333
160.0	0.9333333333333333
161.0	0.9333333333333333
162.0	0.9333333333333333
163.0	0.9333333333333333
164.0	0.9333333333333333
165.0	0.9333333333333333
166.0	0.9333333333333333
167.0	0.9333333333333333
168.0	0.9333333333333333
169.0	0.9333333333333333
170.0	0.9333333333333333
171.0	0.9333333333333333
172.0	0.9333333333333333
173.0	0.9333333333333333
174.0	0.9333333333333333
175.0	0.9333333333333333
176.0	0.9333333333333333
177.0	0.9333333333333333
178.0	0.9333333333333333
179.0	0.9333333333333333
180.0	0.9333333333333333
181.0	0.9333333333333333
182.0	0.9333333333333333
183.0	0.9666666666666667
184.0	0.9666666666666667
185.0	0.9666666666666667
186.0	0.9666666666666667
187.0	0.9666666666666667
188.0	0.9666666666666667
189.0	0.9666666666666667
190.0	0.9666666666666667
191.0	0.9666666666666667
192.0	0.9666666666666667
193.0	0.9333333333333333
194.0	0.9333333333333333
195.0	0.9
196.0	0.8666666666666667
197.0	0.8666666666666667
198.0	0.8666666666666667
199.0	0.8666666666666667
200.0	0.9
201.0	0.9
202.0	0.9
203.0	0.9
204.0	0.9
205.0	0.8666666666666667
206.0	0.8666666666666667
207.0	0.8666666666666667
208.0	0.8666666666666667
209.0	0.8333333333333334
210.0	0.8333333333333334
211.0	0.8333333333333334
212.0	0.8333333333333334
213.0	0.8333333333333334
214.0	0.8333333333333334
215.0	0.8
216.0	0.7666666666666667
217.0	0.7666666666666667
218.0	0.7666666666666667
219.0	0.7666666666666667
220.0	0.7666666666666667
221.0	0.7666666666666667
222.0	0.7666666666666667
223.0	0.8
224.0	0.8
225.0	0.8333333333333334
226.0	0.8666666666666667
227.0	0.8666666666666667
228.0	0.8666666666666667
229.0	0.8666666666666667
230.0	0.8666666666666667
231.0	0.8666666666666667
232.0	0.8666666666666667
233.0	0.8666666666666667
234.0	0.8666666666666667
235.0	0.9
236.0	0.8666666666666667
237.0	0.8666666666666667
238.0	0.8666666666666667
239.0	0.9
240.0	0.9
241.0	0.9
242.0	0.9
243.0	0.9
244.0	0.9
245.0	0.9333333333333333
246.0	0.9666666666666667
247.0	0.9666666666666667
248.0	0.9333333333333333
249.0	0.9333333333333333
250.0	0.9333333333333333
251.0	0.9333333333333333
252.0	0.9333333333333333
253.0	0.9333333333333333
254.0	0.9333333333333333
255.0	0.9
256.0	0.9
257.0	0.9
258.0	0.9
259.0	0.9
260.0	0.9
261.0	0.9
262.0	0.8666666666666667
263.0	0.8666666666666667
264.0	0.8666666666666667
265.0	0.8666666666666667
266.0	0.9
267.0	0.9
268.0	0.9
269.0	0.9
270.0	0.9
271.0	0.9
272.0	0.9
273.0	0.9
274.0	0.9
275.0	0.9
276.0	0.9
277.0	0.9
278.0	0.9333333333333333
279.0	0.9333333333333333
280.0	0.9333333333333333
281.0	0.9333333333333333
282.0	0.9333333333333333
283.0	0.9333333333333333
284.0	0.9333333333333333
285.0	0.9333333333333333
286.0	0.9333333333333333
287.0	0.9333333333333333
288.0	0.9333333333333333
289.0	0.9333333333333333
290.0	0.9333333333333333
291.0	0.9333333333333333
292.0	0.9666666666666667
293.0	0.9666666666666667
294.0	0.9666666666666667
295.0	0.9666666666666667
296.0	0.9666666666666667
297.0	0.9666666666666667
298.0	0.9666666666666667
299.0	0.9666666666666667
300.0	0.9666666666666667
301.0	0.9666666666666667
302.0	0.9666666666666667
303.0	0.9666666666666667
304.0	0.9666666666666667
305.0	0.9666666666666667
306.0	0.9666666666666667
307.0	0.9666666666666667
308.0	0.9666666666666667
309.0	0.9666666666666667
310.0	0.9666666666666667
311.0	0.9666666666666667
312.0	0.9666666666666667
313.0	0.9666666666666667
314.0	0.9666666666666667
315.0	1.0
316.0	1.0
317.0	1.0
318.0	1.0
319.0	1.0
320.0	1.0
321.0	1.0
322.0	1.0
323.0	1.0
324.0	1.0
325.0	1.0
326.0	1.0
327.0	1.0
328.0	1.0
329.0	1.0
330.0	1.0
331.0	1.0
332.0	1.0
333.0	0.9666666666666667
334.0	0.9666666666666667
335.0	0.9333333333333333
336.0	0.9333333333333333
337.0	0.9
338.0	0.9
339.0	0.9
340.0	0.9
341.0	0.9
342.0	0.9
343.0	0.9
344.0	0.9
345.0	0.9
346.0	0.9
347.0	0.9
348.0	0.9
349.0	0.9
350.0	0.9
351.0	0.9
352.0	0.9
353.0	0.9
354.0	0.9
355.0	0.8666666666666667
356.0	0.8666666666666667
357.0	0.8666666666666667
358.0	0.8666666666666667
359.0	0.8666666666666667
360.0	0.8666666666666667
361.0	0.8666666666666667
362.0	0.8666666666666667
363.0	0.9
364.0	0.9
365.0	0.9333333333333333
366.0	0.9333333333333333
367.0	0.9666666666666667
368.0	0.9666666666666667
369.0	0.9666666666666667
370.0	0.9666666666666667
371.0	0.9666666666666667
372.0	0.9666666666666667
373.0	0.9666666666666667
374.0	0.9666666666666667
375.0	0.9666666666666667
376.0	0.9666666666666667
377.0	0.9666666666666667
378.0	0.9666666666666667
379.0	0.9666666666666667
380.0	0.9666666666666667
381.0	0.9666666666666667
382.0	0.9333333333333333
383.0	0.9333333333333333
384.0	0.9333333333333333
385.0	0.9666666666666667
386.0	0.9666666666666667
387.0	0.9666666666666667
388.0	0.9666666666666667
389.0	0.9666666666666667
390.0	0.9333333333333333
391.0	0.9
392.0	0.9
393.0	0.9
394.0	0.9
395.0	0.9
396.0	0.8666666666666667
397.0	0.8666666666666667
398.0	0.8333333333333334
399.0	0.8333333333333334
400.0	0.8333333333333334
401.0	0.8333333333333334
402.0	0.8333333333333334
403.0	0.8333333333333334
404.0	0.8333333333333334
405.0	0.8333333333333334
406.0	0.8333333333333334
407.0	0.8333333333333334
408.0	0.8333333333333334
409.0	0.8333333333333334
410.0	0.8333333333333334
411.0	0.8333333333333334
412.0	0.8333333333333334
413.0	0.8333333333333334
414.0	0.8333333333333334
415.0	0.8333333333333334
416.0	0.8333333333333334
417.0	0.8333333333333334
418.0	0.8333333333333334
419.0	0.8333333333333334
420.0	0.8666666666666667
421.0	0.9
422.0	0.9
423.0	0.9
424.0	0.9
425.0	0.9
426.0	0.9333333333333333
427.0	0.9333333333333333
428.0	0.9333333333333333
429.0	0.9333333333333333
430.0	0.9333333333333333
431.0	0.9333333333333333
432.0	0.9333333333333333
433.0	0.9333333333333333
434.0	0.9333333333333333
435.0	0.9333333333333333
436.0	0.9333333333333333
437.0	0.9333333333333333
438.0	0.9333333333333333
439.0	0.9
440.0	0.9
441.0	0.9
442.0	0.9333333333333333
443.0	0.9333333333333333
444.0	0.9333333333333333
445.0	0.9333333333333333
446.0	0.9
447.0	0.9
448.0	0.9
449.0	0.9
450.0	0.8666666666666667
451.0	0.8666666666666667
452.0	0.8666666666666667
453.0	0.8666666666666667
454.0	0.8666666666666667
455.0	0.8666666666666667
456.0	0.8666666666666667
457.0	0.8666666666666667
458.0	0.9
459.0	0.8666666666666667
460.0	0.8666666666666667
461.0	0.8666666666666667
462.0	0.8666666666666667
463.0	0.8666666666666667
464.0	0.8666666666666667
465.0	0.8666666666666667
466.0	0.8666666666666667
467.0	0.8666666666666667
468.0	0.8666666666666667
469.0	0.8666666666666667
470.0	0.8666666666666667
471.0	0.8666666666666667
472.0	0.8666666666666667
473.0	0.8666666666666667
474.0	0.8666666666666667
475.0	0.8666666666666667
476.0	0.9
477.0	0.8666666666666667
478.0	0.8666666666666667
479.0	0.8666666666666667
480.0	0.9
481.0	0.9
482.0	0.9
483.0	0.9
484.0	0.9
485.0	0.9
486.0	0.9
487.0	0.9
488.0	0.9
489.0	0.9333333333333333
490.0	0.9333333333333333
491.0	0.9333333333333333
492.0	0.9333333333333333
493.0	0.9333333333333333
494.0	0.9333333333333333
495.0	0.9333333333333333
496.0	0.9333333333333333
497.0	0.9333333333333333
498.0	0.9333333333333333
499.0	0.9333333333333333
500.0	0.9333333333333333
501.0	0.9333333333333333
502.0	0.9
503.0	0.9
504.0	0.9
505.0	0.9
506.0	0.8666666666666667
507.0	0.8666666666666667
508.0	0.8666666666666667
509.0	0.8666666666666667
510.0	0.8666666666666667
511.0	0.8666666666666667
512.0	0.8666666666666667
513.0	0.8333333333333334
514.0	0.8333333333333334
515.0	0.8
516.0	0.8
517.0	0.8
518.0	0.8
519.0	0.7666666666666667
520.0	0.7666666666666667
521.0	0.7666666666666667
522.0	0.7666666666666667
523.0	0.7666666666666667
524.0	0.7666666666666667
525.0	0.7666666666666667
526.0	0.7666666666666667
527.0	0.7666666666666667
528.0	0.7666666666666667
529.0	0.8
530.0	0.8
531.0	0.8
532.0	0.8333333333333334
533.0	0.8333333333333334
534.0	0.8333333333333334
535.0	0.8333333333333334
536.0	0.8666666666666667
537.0	0.9
538.0	0.9
539.0	0.9
540.0	0.9
541.0	0.9
542.0	0.9
543.0	0.9333333333333333
544.0	0.9333333333333333
545.0	0.9666666666666667
546.0	0.9666666666666667
547.0	0.9666666666666667
548.0	0.9666666666666667
549.0	1.0
550.0	1.0
551.0	1.0
552.0	1.0
553.0	1.0
554.0	1.0
555.0	1.0
556.0	1.0
557.0	1.0
558.0	0.9666666666666667
559.0	0.9666666666666667
560.0	0.9666666666666667
561.0	0.9666666666666667
562.0	0.9666666666666667
563.0	0.9666666666666667
564.0	0.9666666666666667
565.0	0.9666666666666667
566.0	0.9333333333333333
567.0	0.9333333333333333
568.0	0.9
569.0	0.9
570.0	0.9
571.0	0.9
572.0	0.9
573.0	0.9
574.0	0.8666666666666667
575.0	0.8666666666666667
576.0	0.8666666666666667
577.0	0.8666666666666667
578.0	0.8666666666666667
579.0	0.8666666666666667
580.0	0.8666666666666667
581.0	0.8666666666666667
582.0	0.8666666666666667
583.0	0.8333333333333334
584.0	0.8333333333333334
585.0	0.8333333333333334
586.0	0.8333333333333334
587.0	0.8333333333333334
588.0	0.8666666666666667
589.0	0.8666666666666667
590.0	0.8666666666666667
591.0	0.8666666666666667
592.0	0.8333333333333334
593.0	0.8333333333333334
594.0	0.8333333333333334
595.0	0.8333333333333334
596.0	0.8666666666666667
597.0	0.8666666666666667
598.0	0.9
599.0	0.9
600.0	0.8666666666666667
601.0	0.8666666666666667
602.0	0.8666666666666667
603.0	0.8666666666666667
604.0	0.9
605.0	0.9
606.0	0.9
607.0	0.9
608.0	0.9
609.0	0.9
610.0	0.9
611.0	0.9
612.0	0.8666666666666667
613.0	0.9
614.0	0.8666666666666667
615.0	0.8666666666666667
616.0	0.8666666666666667
617.0	0.8666666666666667
618.0	0.8666666666666667
619.0	0.8666666666666667
620.0	0.8666666666666667
621.0	0.8666666666666667
622.0	0.9
623.0	0.9
624.0	0.9
625.0	0.9
626.0	0.9
627.0	0.8666666666666667
628.0	0.8666666666666667
629.0	0.8666666666666667
630.0	0.9
631.0	0.9
632.0	0.9
633.0	0.8666666666666667
634.0	0.8666666666666667
635.0	0.8666666666666667
636.0	0.8333333333333334
637.0	0.8333333333333334
638.0	0.8333333333333334
639.0	0.8333333333333334
640.0	0.8333333333333334
641.0	0.8333333333333334
642.0	0.8333333333333334
643.0	0.8333333333333334
644.0	0.8666666666666667
645.0	0.8666666666666667
646.0	0.8666666666666667
647.0	0.8666666666666667
648.0	0.8666666666666667
649.0	0.8666666666666667
650.0	0.8666666666666667
651.0	0.8333333333333334
652.0	0.8333333333333334
653.0	0.8333333333333334
654.0	0.8333333333333334
655.0	0.8333333333333334
656.0	0.8333333333333334
657.0	0.8666666666666667
658.0	0.8666666666666667
659.0	0.8666666666666667
660.0	0.8666666666666667
661.0	0.8333333333333334
662.0	0.8333333333333334
663.0	0.8666666666666667
664.0	0.8666666666666667
665.0	0.8666666666666667
666.0	0.9
667.0	0.9
668.0	0.9
669.0	0.8666666666666667
670.0	0.8333333333333334
671.0	0.8333333333333334
672.0	0.8666666666666667
673.0	0.8333333333333334
674.0	0.8333333333333334
675.0	0.8333333333333334
676.0	0.8333333333333334
677.0	0.8333333333333334
678.0	0.8333333333333334
679.0	0.8333333333333334
680.0	0.8333333333333334
681.0	0.8666666666666667
682.0	0.8666666666666667
683.0	0.8666666666666667
684.0	0.8666666666666667
685.0	0.8666666666666667
686.0	0.8666666666666667
687.0	0.8333333333333334
688.0	0.8333333333333334
689.0	0.8333333333333334
690.0	0.8333333333333334
691.0	0.8666666666666667
692.0	0.8666666666666667
693.0	0.8333333333333334
694.0	0.8333333333333334
695.0	0.8333333333333334
696.0	0.8333333333333334
697.0	0.8333333333333334
698.0	0.8333333333333334
699.0	0.8666666666666667
700.0	0.9
701.0	0.9
702.0	0.9
703.0	0.9333333333333333
704.0	0.9333333333333333
705.0	0.9333333333333333
706.0	0.9333333333333333
707.0	0.9333333333333333
708.0	0.9333333333333333
709.0	0.9333333333333333
710.0	0.9333333333333333
711.0	0.9333333333333333
712.0	0.9333333333333333
713.0	0.9333333333333333
714.0	0.9333333333333333
715.0	0.9333333333333333
716.0	0.9333333333333333
717.0	0.9666666666666667
718.0	0.9666666666666667
719.0	0.9666666666666667
720.0	0.9666666666666667
721.0	0.9666666666666667
722.0	0.9666666666666667
723.0	1.0
724.0	1.0
725.0	1.0
726.0	1.0
727.0	1.0
728.0	1.0
729.0	1.0
730.0	1.0
731.0	1.0
732.0	1.0
733.0	1.0
734.0	1.0
735.0	1.0
736.0	1.0
737.0	1.0
738.0	1.0
739.0	1.0
740.0	1.0
741.0	0.9666666666666667
742.0	0.9666666666666667
743.0	0.9666666666666667
744.0	0.9333333333333333
745.0	0.9333333333333333
746.0	0.9333333333333333
747.0	0.9333333333333333
748.0	0.9333333333333333
749.0	0.9333333333333333
750.0	0.9333333333333333
751.0	0.9333333333333333
752.0	0.9333333333333333
753.0	0.9333333333333333
754.0	0.9333333333333333
755.0	0.9333333333333333
756.0	0.9333333333333333
757.0	0.9333333333333333
758.0	0.9333333333333333
759.0	0.9333333333333333
760.0	0.9333333333333333
761.0	0.9333333333333333
762.0	0.9333333333333333
763.0	0.9333333333333333
764.0	0.9333333333333333
765.0	0.9333333333333333
766.0	0.9333333333333333
767.0	0.9333333333333333
768.0	0.9333333333333333
769.0	0.9333333333333333
770.0	0.9333333333333333
771.0	0.9666666666666667
772.0	0.9666666666666667
773.0	0.9666666666666667
774.0	1.0
775.0	1.0
776.0	1.0
777.0	1.0
778.0	1.0
779.0	1.0
780.0	1.0
781.0	1.0
782.0	1.0
783.0	1.0
784.0	1.0
785.0	1.0
786.0	1.0
787.0	1.0
788.0	1.0
789.0	1.0
790.0	1.0
791.0	1.0
792.0	1.0
793.0	1.0
794.0	1.0
795.0	1.0
796.0	1.0
797.0	0.9666666666666667
798.0	0.9333333333333333
799.0	0.9333333333333333
800.0	0.9333333333333333
801.0	0.9333333333333333
802.0	0.9333333333333333
803.0	0.9333333333333333
804.0	0.9333333333333333
805.0	0.9333333333333333
806.0	0.9333333333333333
807.0	0.9333333333333333
808.0	0.9333333333333333
809.0	0.9333333333333333
810.0	0.9
811.0	0.9
812.0	0.9
813.0	0.9
814.0	0.9
815.0	0.9
816.0	0.9
817.0	0.9
818.0	0.9
819.0	0.9
820.0	0.8666666666666667
821.0	0.8333333333333334
822.0	0.8333333333333334
823.0	0.8333333333333334
824.0	0.8333333333333334
825.0	0.8333333333333334
826.0	0.8333333333333334
827.0	0.8666666666666667
828.0	0.9
829.0	0.9
830.0	0.8666666666666667
831.0	0.8666666666666667
832.0	0.8666666666666667
833.0	0.8666666666666667
834.0	0.8666666666666667
835.0	0.8666666666666667
836.0	0.8666666666666667
837.0	0.8666666666666667
838.0	0.8666666666666667
839.0	0.8666666666666667
840.0	0.9
841.0	0.8666666666666667
842.0	0.8666666666666667
843.0	0.8666666666666667
844.0	0.8333333333333334
845.0	0.8333333333333334
846.0	0.8333333333333334
847.0	0.8333333333333334
848.0	0.8333333333333334
849.0	0.8333333333333334
850.0	0.8666666666666667
851.0	0.9
852.0	0.9
853.0	0.9
854.0	0.9
855.0	0.8666666666666667
856.0	0.8666666666666667
857.0	0.8333333333333334
858.0	0.8333333333333334
859.0	0.8333333333333334
860.0	0.8666666666666667
861.0	0.8666666666666667
862.0	0.8666666666666667
863.0	0.8666666666666667
864.0	0.8666666666666667
865.0	0.8666666666666667
866.0	0.8666666666666667
867.0	0.8666666666666667
868.0	0.8666666666666667
869.0	0.8666666666666667
870.0	0.8666666666666667
871.0	0.9
872.0	0.9
873.0	0.9
874.0	0.9333333333333333
875.0	0.9333333333333333
876.0	0.9333333333333333
877.0	0.9333333333333333
878.0	0.9
879.0	0.9
880.0	0.8666666666666667
881.0	0.8666666666666667
882.0	0.8666666666666667
883.0	0.8666666666666667
884.0	0.8666666666666667
885.0	0.9
886.0	0.9
887.0	0.9333333333333333
888.0	0.9333333333333333
889.0	0.9333333333333333
890.0	0.9333333333333333
891.0	0.9333333333333333
892.0	0.9333333333333333
893.0	0.9333333333333333
894.0	0.9333333333333333
895.0	0.9333333333333333
896.0	0.9
897.0	0.9
898.0	0.9
899.0	0.8666666666666667
900.0	0.8333333333333334
901.0	0.8333333333333334
902.0	0.8
903.0	0.8
904.0	0.7666666666666667
905.0	0.7666666666666667
906.0	0.7666666666666667
907.0	0.7666666666666667
908.0	0.8
909.0	0.8
910.0	0.8333333333333334
911.0	0.8333333333333334
912.0	0.8333333333333334
913.0	0.8333333333333334
914.0	0.8333333333333334
915.0	0.8333333333333334
916.0	0.8333333333333334
917.0	0.8333333333333334
918.0	0.8333333333333334
919.0	0.8333333333333334
920.0	0.8333333333333334
921.0	0.8333333333333334
922.0	0.8333333333333334
923.0	0.8333333333333334
924.0	0.8333333333333334
925.0	0.8333333333333334
926.0	0.8333333333333334
927.0	0.8333333333333334
928.0	0.8333333333333334
929.0	0.8666666666666667
930.0	0.9
931.0	0.9
932.0	0.9333333333333333
933.0	0.9333333333333333
934.0	0.9666666666666667
935.0	0.9666666666666667
936.0	0.9666666666666667
937.0	0.9666666666666667
938.0	0.9666666666666667
939.0	0.9666666666666667
940.0	0.9666666666666667
941.0	0.9666666666666667
942.0	0.9666666666666667
943.0	0.9666666666666667
944.0	0.9666666666666667
945.0	0.9666666666666667
946.0	0.9666666666666667
947.0	0.9666666666666667
948.0	0.9666666666666667
949.0	0.9666666666666667
950.0	0.9666666666666667
951.0	0.9666666666666667
952.0	0.9666666666666667
953.0	0.9666666666666667
954.0	0.9666666666666667
955.0	0.9666666666666667
956.0	1.0
957.0	1.0
958.0	1.0
959.0	1.0
960.0	1.0
961.0	1.0
962.0	1.0
963.0	1.0
964.0	1.0
965.0	1.0
966.0	1.0
967.0	1.0
968.0	1.0
969.0	1.0
970.0	1.0
971.0	1.0
972.0	1.0
973.0	1.0
974.0	1.0
975.0	1.0
976.0	1.0
977.0	1.0
978.0	1.0
979.0	1.0
980.0	1.0
981.0	1.0
982.0	1.0
983.0	1.0
984.0	1.0
985.0	1.0
986.0	1.0
987.0	1.0
988.0	1.0
989.0	1.0
990.0	1.0
991.0	1.0
992.0	1.0
993.0	1.0
994.0	1.0
995.0	1.0
996.0	0.9666666666666667
997.0	0.9666666666666667
998.0	0.9666666666666667
999.0	0.9666666666666667
1000.0	0.9666666666666667
1001.0	0.9666666666666667
1002.0	0.9666666666666667
1003.0	0.9666666666666667
1004.0	0.9666666666666667
1005.0	0.9333333333333333
1006.0	0.9333333333333333
1007.0	0.9333333333333333
1008.0	0.9333333333333333
1009.0	0.9333333333333333
1010.0	0.9333333333333333
1011.0	0.9333333333333333
1012.0	0.9333333333333333
1013.0	0.9333333333333333
1014.0	0.9333333333333333
1015.0	0.9333333333333333
1016.0	0.9333333333333333
1017.0	0.9333333333333333
1018.0	0.9333333333333333
1019.0	0.9333333333333333
1020.0	0.9333333333333333
1021.0	0.9333333333333333
1022.0	0.9333333333333333
1023.0	0.9333333333333333
1024.0	0.9333333333333333
1025.0	0.9333333333333333
1026.0	0.9666666666666667
1027.0	0.9666666666666667
1028.0	0.9666666666666667
1029.0	0.9666666666666667
1030.0	0.9666666666666667
1031.0	0.9666666666666667
1032.0	0.9666666666666667
1033.0	0.9666666666666667
1034.0	0.9666666666666667
1035.0	1.0
1036.0	1.0
1037.0	0.9666666666666667
1038.0	0.9666666666666667
1039.0	0.9666666666666667
1040.0	0.9666666666666667
1041.0	0.9666666666666667
1042.0	0.9666666666666667
1043.0	0.9666666666666667
1044.0	0.9666666666666667
1045.0	0.9666666666666667
1046.0	0.9666666666666667
1047.0	0.9666666666666667
1048.0	0.9666666666666667
1049.0	0.9666666666666667
1050.0	0.9666666666666667
1051.0	0.9666666666666667
1052.0	0.9666666666666667
1053.0	0.9666666666666667
1054.0	0.9666666666666667
1055.0	0.9666666666666667
1056.0	0.9666666666666667
1057.0	0.9666666666666667
1058.0	0.9666666666666667
1059.0	0.9666666666666667
1060.0	0.9666666666666667
1061.0	0.9666666666666667
1062.0	0.9666666666666667
1063.0	0.9666666666666667
1064.0	0.9333333333333333
1065.0	0.9333333333333333
1066.0	0.9333333333333333
1067.0	0.9666666666666667
1068.0	0.9666666666666667
1069.0	0.9666666666666667
1070.0	0.9666666666666667
1071.0	0.9666666666666667
1072.0	0.9666666666666667
1073.0	0.9666666666666667
1074.0	0.9666666666666667
1075.0	0.9666666666666667
1076.0	0.9666666666666667
1077.0	0.9666666666666667
1078.0	0.9666666666666667
1079.0	0.9666666666666667
1080.0	0.9666666666666667
1081.0	0.9333333333333333
1082.0	0.9333333333333333
1083.0	0.9333333333333333
1084.0	0.9333333333333333
1085.0	0.9333333333333333
1086.0	0.9333333333333333
1087.0	0.9333333333333333
1088.0	0.9333333333333333
1089.0	0.9333333333333333
1090.0	0.9333333333333333
1091.0	0.9333333333333333
1092.0	0.9333333333333333
1093.0	0.9333333333333333
1094.0	0.9666666666666667
1095.0	0.9666666666666667
1096.0	0.9666666666666667
1097.0	0.9666666666666667
1098.0	0.9666666666666667
1099.0	0.9666666666666667
1100.0	0.9666666666666667
1101.0	0.9666666666666667
1102.0	0.9666666666666667
1103.0	0.9666666666666667
1104.0	0.9666666666666667
1105.0	0.9666666666666667
1106.0	0.9666666666666667
1107.0	0.9333333333333333
1108.0	0.9333333333333333
1109.0	0.9333333333333333
1110.0	0.9333333333333333
1111.0	0.9666666666666667
1112.0	0.9666666666666667
1113.0	0.9666666666666667
1114.0	0.9666666666666667
1115.0	0.9666666666666667
1116.0	0.9666666666666667
1117.0	0.9666666666666667
1118.0	0.9666666666666667
1119.0	0.9666666666666667
1120.0	0.9666666666666667
1121.0	0.9666666666666667
1122.0	0.9666666666666667
1123.0	0.9666666666666667
1124.0	0.9666666666666667
1125.0	0.9666666666666667
1126.0	0.9666666666666667
1127.0	0.9666666666666667
1128.0	0.9666666666666667
1129.0	0.9666666666666667
1130.0	0.9666666666666667
1131.0	0.9666666666666667
1132.0	0.9666666666666667
1133.0	0.9666666666666667
1134.0	0.9666666666666667
1135.0	0.9666666666666667
1136.0	0.9666666666666667
1137.0	1.0
1138.0	1.0
1139.0	1.0
1140.0	1.0
1141.0	1.0
1142.0	1.0
1143.0	1.0
1144.0	0.9666666666666667
1145.0	0.9666666666666667
1146.0	0.9666666666666667
1147.0	0.9666666666666667
1148.0	0.9666666666666667
1149.0	0.9666666666666667
1150.0	0.9666666666666667
1151.0	0.9333333333333333
1152.0	0.9333333333333333
1153.0	0.9333333333333333
1154.0	0.9333333333333333
1155.0	0.9333333333333333
1156.0	0.9
1157.0	0.9
1158.0	0.9
1159.0	0.9
1160.0	0.9
1161.0	0.9
1162.0	0.9
1163.0	0.9
1164.0	0.9
1165.0	0.9
1166.0	0.9
1167.0	0.9
1168.0	0.9
1169.0	0.9
1170.0	0.9
1171.0	0.9
1172.0	0.9
1173.0	0.9
1174.0	0.9333333333333333
1175.0	0.9333333333333333
1176.0	0.9
1177.0	0.9
1178.0	0.9
1179.0	0.9
1180.0	0.9
1181.0	0.9333333333333333
1182.0	0.9333333333333333
1183.0	0.9333333333333333
1184.0	0.9333333333333333
1185.0	0.9333333333333333
1186.0	0.9666666666666667
1187.0	0.9666666666666667
1188.0	0.9666666666666667
1189.0	0.9666666666666667
1190.0	0.9666666666666667
1191.0	0.9666666666666667
1192.0	0.9666666666666667
1193.0	0.9666666666666667
1194.0	0.9666666666666667
1195.0	0.9666666666666667
1196.0	0.9333333333333333
1197.0	0.9333333333333333
1198.0	0.9333333333333333
1199.0	0.9333333333333333
1200.0	0.9333333333333333
1201.0	0.9333333333333333
1202.0	0.9333333333333333
1203.0	0.9333333333333333
1204.0	0.9333333333333333
1205.0	0.9333333333333333
1206.0	0.9666666666666667
1207.0	0.9666666666666667
1208.0	0.9666666666666667
1209.0	0.9666666666666667
1210.0	0.9666666666666667
1211.0	0.9666666666666667
1212.0	0.9666666666666667
1213.0	0.9666666666666667
1214.0	0.9666666666666667
1215.0	0.9666666666666667
1216.0	0.9666666666666667
1217.0	0.9666666666666667
1218.0	0.9666666666666667
1219.0	0.9666666666666667
1220.0	0.9666666666666667
1221.0	0.9666666666666667
1222.0	0.9666666666666667
1223.0	0.9666666666666667
1224.0	0.9666666666666667
1225.0	0.9666666666666667
1226.0	1.0
1227.0	1.0
1228.0	1.0
1229.0	1.0
1230.0	1.0
1231.0	1.0
1232.0	1.0
1233.0	1.0
1234.0	1.0
1235.0	1.0
1236.0	1.0
1237.0	1.0
1238.0	1.0
1239.0	1.0
1240.0	1.0
1241.0	1.0
1242.0	1.0
1243.0	1.0
1244.0	1.0
1245.0	1.0
1246.0	1.0
1247.0	1.0
1248.0	1.0
1249.0	1.0
1250.0	1.0
1251.0	1.0
1252.0	1.0
1253.0	1.0
1254.0	1.0
1255.0	1.0
1256.0	1.0
1257.0	1.0
1258.0	1.0
1259.0	1.0
1260.0	1.0
1261.0	1.0
1262.0	1.0
1263.0	1.0
1264.0	1.0
1265.0	1.0
1266.0	1.0
1267.0	1.0
1268.0	1.0
1269.0	1.0
1270.0	1.0
1271.0	1.0
1272.0	1.0
1273.0	1.0
1274.0	1.0
1275.0	1.0
1276.0	1.0
1277.0	1.0
1278.0	1.0
1279.0	1.0
1280.0	1.0
1281.0	1.0
1282.0	1.0
1283.0	1.0
1284.0	1.0
1285.0	1.0
1286.0	1.0
1287.0	1.0
1288.0	1.0
1289.0	1.0
1290.0	1.0
1291.0	1.0
1292.0	1.0
1293.0	1.0
1294.0	1.0
1295.0	1.0
1296.0	1.0
1297.0	1.0
1298.0	1.0
1299.0	1.0
1300.0	1.0
1301.0	1.0
1302.0	1.0
1303.0	1.0
1304.0	1.0
1305.0	1.0
1306.0	1.0
1307.0	1.0
1308.0	1.0
1309.0	1.0
1310.0	1.0
1311.0	1.0
1312.0	1.0
1313.0	1.0
1314.0	1.0
1315.0	1.0
1316.0	1.0
1317.0	1.0
1318.0	1.0
1319.0	1.0
1320.0	1.0
1321.0	1.0
1322.0	1.0
1323.0	1.0
1324.0	1.0
1325.0	1.0
1326.0	1.0
1327.0	1.0
1328.0	1.0
1329.0	0.9666666666666667
1330.0	0.9666666666666667
1331.0	0.9666666666666667
1332.0	0.9666666666666667
1333.0	0.9666666666666667
1334.0	0.9666666666666667
1335.0	0.9666666666666667
1336.0	0.9666666666666667
1337.0	0.9666666666666667
1338.0	0.9666666666666667
1339.0	0.9333333333333333
1340.0	0.9333333333333333
1341.0	0.9333333333333333
1342.0	0.9333333333333333
1343.0	0.9333333333333333
1344.0	0.9333333333333333
1345.0	0.9333333333333333
1346.0	0.9333333333333333
1347.0	0.9333333333333333
1348.0	0.9333333333333333
1349.0	0.9333333333333333
1350.0	0.9333333333333333
1351.0	0.9333333333333333
1352.0	0.9333333333333333
1353.0	0.9333333333333333
1354.0	0.9333333333333333
1355.0	0.9333333333333333
1356.0	0.9333333333333333
1357.0	0.9333333333333333
1358.0	0.9333333333333333
1359.0	0.9666666666666667
1360.0	0.9666666666666667
1361.0	0.9666666666666667
1362.0	0.9666666666666667
1363.0	0.9666666666666667
1364.0	0.9666666666666667
1365.0	0.9666666666666667
1366.0	0.9666666666666667
1367.0	0.9333333333333333
1368.0	0.9333333333333333
1369.0	0.9666666666666667
1370.0	0.9666666666666667
1371.0	0.9666666666666667
1372.0	0.9666666666666667
1373.0	0.9666666666666667
1374.0	0.9666666666666667
1375.0	0.9333333333333333
1376.0	0.9333333333333333
1377.0	0.9333333333333333
1378.0	0.9333333333333333
1379.0	0.9333333333333333
1380.0	0.9333333333333333
1381.0	0.9333333333333333
1382.0	0.9333333333333333
1383.0	0.9333333333333333
1384.0	0.9333333333333333
1385.0	0.9333333333333333
1386.0	0.9333333333333333
1387.0	0.9333333333333333
1388.0	0.9333333333333333
1389.0	0.9333333333333333
1390.0	0.9333333333333333
1391.0	0.9333333333333333
1392.0	0.9333333333333333
1393.0	0.9333333333333333
1394.0	0.9333333333333333
1395.0	0.9333333333333333
1396.0	0.9333333333333333
1397.0	0.9666666666666667
1398.0	0.9666666666666667
1399.0	0.9666666666666667
1400.0	0.9666666666666667
1401.0	0.9666666666666667
1402.0	0.9666666666666667
1403.0	0.9666666666666667
1404.0	0.9666666666666667
1405.0	1.0
1406.0	1.0
1407.0	1.0
1408.0	1.0
1409.0	1.0
1410.0	1.0
1411.0	1.0
1412.0	1.0
1413.0	1.0
1414.0	1.0
1415.0	1.0
1416.0	1.0
1417.0	1.0
1418.0	1.0
1419.0	1.0
1420.0	1.0
1421.0	1.0
1422.0	1.0
1423.0	1.0
1424.0	1.0
1425.0	1.0
1426.0	1.0
1427.0	1.0
1428.0	1.0
1429.0	1.0
1430.0	1.0
1431.0	1.0
1432.0	1.0
1433.0	1.0
1434.0	1.0
1435.0	1.0
1436.0	1.0
1437.0	1.0
1438.0	1.0
1439.0	1.0
1440.0	1.0
1441.0	1.0
1442.0	1.0
1443.0	1.0
1444.0	1.0
1445.0	0.9666666666666667
1446.0	0.9666666666666667
1447.0	0.9666666666666667
1448.0	0.9666666666666667
1449.0	0.9666666666666667
1450.0	0.9666666666666667
1451.0	0.9666666666666667
1452.0	0.9666666666666667
1453.0	0.9666666666666667
1454.0	0.9666666666666667
1455.0	0.9666666666666667
1456.0	0.9666666666666667
1457.0	0.9666666666666667
1458.0	0.9666666666666667
1459.0	0.9666666666666667
1460.0	0.9666666666666667
1461.0	0.9666666666666667
1462.0	0.9666666666666667
1463.0	0.9666666666666667
1464.0	0.9666666666666667
1465.0	0.9666666666666667
1466.0	0.9666666666666667
1467.0	0.9666666666666667
1468.0	0.9666666666666667
1469.0	0.9666666666666667
1470.0	0.9666666666666667
1471.0	0.9666666666666667
1472.0	0.9666666666666667
1473.0	0.9666666666666667
1474.0	0.9333333333333333
1475.0	0.9666666666666667
1476.0	0.9666666666666667
1477.0	0.9666666666666667
1478.0	0.9666666666666667
1479.0	0.9666666666666667
1480.0	0.9666666666666667
1481.0	0.9666666666666667
1482.0	0.9666666666666667
1483.0	0.9666666666666667
1484.0	0.9666666666666667
1485.0	0.9666666666666667
1486.0	0.9666666666666667
1487.0	0.9666666666666667
1488.0	0.9666666666666667
1489.0	0.9666666666666667
1490.0	0.9666666666666667
1491.0	0.9666666666666667
1492.0	0.9666666666666667
1493.0	0.9333333333333333
1494.0	0.9333333333333333
1495.0	0.9333333333333333
1496.0	0.9333333333333333
1497.0	0.9333333333333333
1498.0	0.9333333333333333
1499.0	0.9333333333333333
1500.0	0.9333333333333333
1501.0	0.9333333333333333
1502.0	0.9333333333333333
1503.0	0.9333333333333333
1504.0	0.9666666666666667
1505.0	0.9666666666666667
1506.0	0.9666666666666667
1507.0	0.9666666666666667
1508.0	0.9666666666666667
1509.0	0.9666666666666667
1510.0	0.9666666666666667
1511.0	0.9666666666666667
1512.0	0.9333333333333333
1513.0	0.9333333333333333
1514.0	0.9333333333333333
1515.0	0.9333333333333333
1516.0	0.9333333333333333
1517.0	0.9333333333333333
1518.0	0.9333333333333333
1519.0	0.9333333333333333
1520.0	0.9333333333333333
1521.0	0.9333333333333333
1522.0	0.9333333333333333
1523.0	0.9666666666666667
1524.0	0.9666666666666667
1525.0	0.9666666666666667
1526.0	0.9666666666666667
1527.0	0.9666666666666667
1528.0	0.9666666666666667
1529.0	0.9666666666666667
1530.0	0.9666666666666667
1531.0	0.9666666666666667
1532.0	0.9666666666666667
1533.0	0.9666666666666667
1534.0	0.9666666666666667
1535.0	0.9666666666666667
1536.0	0.9666666666666667
1537.0	0.9666666666666667
1538.0	0.9666666666666667
1539.0	0.9666666666666667
1540.0	0.9666666666666667
1541.0	0.9666666666666667
1542.0	1.0
1543.0	1.0
1544.0	1.0
1545.0	1.0
1546.0	0.9666666666666667
1547.0	0.9666666666666667
1548.0	0.9666666666666667
1549.0	0.9666666666666667
1550.0	0.9666666666666667
1551.0	0.9666666666666667
1552.0	0.9666666666666667
1553.0	0.9666666666666667
1554.0	0.9666666666666667
1555.0	0.9666666666666667
1556.0	0.9666666666666667
1557.0	0.9666666666666667
1558.0	0.9666666666666667
1559.0	0.9666666666666667
1560.0	0.9666666666666667
1561.0	0.9666666666666667
1562.0	0.9666666666666667
1563.0	0.9666666666666667
1564.0	0.9666666666666667
1565.0	0.9666666666666667
1566.0	0.9666666666666667
1567.0	0.9666666666666667
1568.0	0.9666666666666667
1569.0	0.9666666666666667
1570.0	0.9666666666666667
1571.0	0.9666666666666667
1572.0	0.9666666666666667
1573.0	0.9666666666666667
1574.0	0.9666666666666667
1575.0	0.9666666666666667
1576.0	1.0
1577.0	1.0
1578.0	1.0
1579.0	1.0
1580.0	1.0
1581.0	1.0
1582.0	1.0
1583.0	1.0
1584.0	1.0
1585.0	1.0
1586.0	1.0
1587.0	1.0
1588.0	1.0
1589.0	1.0
1590.0	1.0
1591.0	1.0
1592.0	1.0
1593.0	1.0
1594.0	1.0
1595.0	1.0
1596.0	1.0
1597.0	1.0
1598.0	1.0
1599.0	1.0
1600.0	1.0
1601.0	1.0
1602.0	0.9666666666666667
1603.0	0.9666666666666667
1604.0	0.9666666666666667
1605.0	0.9666666666666667
1606.0	0.9666666666666667
1607.0	0.9666666666666667
1608.0	0.9666666666666667
1609.0	0.9666666666666667
1610.0	0.9666666666666667
1611.0	0.9666666666666667
1612.0	0.9666666666666667
1613.0	0.9666666666666667
1614.0	0.9666666666666667
1615.0	0.9666666666666667
1616.0	0.9666666666666667
1617.0	0.9666666666666667
1618.0	0.9666666666666667
1619.0	0.9666666666666667
1620.0	0.9666666666666667
1621.0	0.9666666666666667
1622.0	0.9666666666666667
1623.0	0.9666666666666667
1624.0	0.9666666666666667
1625.0	0.9666666666666667
1626.0	0.9666666666666667
1627.0	0.9666666666666667
1628.0	0.9666666666666667
1629.0	0.9666666666666667
1630.0	0.9666666666666667
1631.0	0.9666666666666667
1632.0	1.0
1633.0	1.0
1634.0	1.0
1635.0	1.0
1636.0	1.0
1637.0	1.0
1638.0	1.0
1639.0	1.0
1640.0	1.0
1641.0	1.0
1642.0	1.0
1643.0	1.0
1644.0	1.0
1645.0	1.0
1646.0	1.0
1647.0	1.0
1648.0	1.0
1649.0	1.0
1650.0	0.9666666666666667
1651.0	0.9666666666666667
1652.0	0.9666666666666667
1653.0	0.9666666666666667
1654.0	0.9666666666666667
1655.0	0.9666666666666667
1656.0	0.9666666666666667
1657.0	0.9666666666666667
1658.0	0.9666666666666667
1659.0	0.9666666666666667
1660.0	0.9666666666666667
1661.0	0.9666666666666667
1662.0	0.9666666666666667
1663.0	0.9666666666666667
1664.0	0.9666666666666667
1665.0	0.9666666666666667
1666.0	0.9666666666666667
1667.0	0.9666666666666667
1668.0	0.9666666666666667
1669.0	0.9666666666666667
1670.0	0.9666666666666667
1671.0	0.9666666666666667
1672.0	0.9666666666666667
1673.0	0.9666666666666667
1674.0	0.9666666666666667
1675.0	0.9666666666666667
1676.0	0.9666666666666667
1677.0	0.9666666666666667
1678.0	0.9666666666666667
1679.0	0.9666666666666667
1680.0	1.0
1681.0	1.0
1682.0	1.0
1683.0	1.0
1684.0	1.0
1685.0	1.0
1686.0	1.0
1687.0	1.0
1688.0	1.0
1689.0	1.0
1690.0	1.0
1691.0	1.0
1692.0	0.9666666666666667
1693.0	0.9666666666666667
1694.0	0.9666666666666667
1695.0	0.9666666666666667
1696.0	0.9666666666666667
1697.0	0.9666666666666667
1698.0	0.9666666666666667
1699.0	0.9666666666666667
1700.0	0.9666666666666667
1701.0	0.9666666666666667
1702.0	0.9666666666666667
1703.0	0.9666666666666667
1704.0	0.9666666666666667
1705.0	0.9666666666666667
1706.0	0.9666666666666667
1707.0	0.9666666666666667
1708.0	0.9333333333333333
1709.0	0.9333333333333333
1710.0	0.9333333333333333
1711.0	0.9333333333333333
1712.0	0.9333333333333333
1713.0	0.9333333333333333
1714.0	0.9333333333333333
1715.0	0.9333333333333333
1716.0	0.9333333333333333
1717.0	0.9333333333333333
1718.0	0.9333333333333333
1719.0	0.9333333333333333
1720.0	0.9333333333333333
1721.0	0.9333333333333333
1722.0	0.9666666666666667
1723.0	0.9666666666666667
1724.0	0.9666666666666667
1725.0	0.9666666666666667
1726.0	0.9666666666666667
1727.0	0.9666666666666667
1728.0	0.9666666666666667
1729.0	0.9666666666666667
1730.0	0.9666666666666667
1731.0	0.9666666666666667
1732.0	0.9666666666666667
1733.0	0.9666666666666667
1734.0	0.9666666666666667
1735.0	0.9666666666666667
1736.0	0.9666666666666667
1737.0	0.9666666666666667
1738.0	1.0
1739.0	1.0
1740.0	1.0
1741.0	1.0
1742.0	1.0
1743.0	1.0
1744.0	1.0
1745.0	1.0
1746.0	1.0
1747.0	1.0
1748.0	1.0
1749.0	1.0
1750.0	1.0
1751.0	1.0
1752.0	1.0
1753.0	1.0
1754.0	1.0
1755.0	1.0
1756.0	1.0
1757.0	1.0
1758.0	1.0
1759.0	1.0
1760.0	1.0
1761.0	1.0
1762.0	1.0
1763.0	1.0
1764.0	1.0
1765.0	1.0
1766.0	1.0
1767.0	1.0
1768.0	1.0
1769.0	1.0
1770.0	1.0
1771.0	1.0
1772.0	1.0
1773.0	1.0
1774.0	1.0
1775.0	1.0
1776.0	1.0
1777.0	1.0
1778.0	1.0
1779.0	1.0
1780.0	1.0
1781.0	1.0
1782.0	1.0
1783.0	1.0
1784.0	1.0
1785.0	1.0
1786.0	0.9666666666666667
1787.0	0.9666666666666667
1788.0	0.9666666666666667
1789.0	0.9666666666666667
1790.0	0.9666666666666667
1791.0	0.9666666666666667
1792.0	0.9666666666666667
1793.0	0.9666666666666667
1794.0	0.9666666666666667
1795.0	0.9666666666666667
1796.0	0.9666666666666667
1797.0	0.9666666666666667
1798.0	0.9666666666666667
1799.0	0.9666666666666667
1800.0	0.9333333333333333
1801.0	0.9333333333333333
1802.0	0.9333333333333333
1803.0	0.9333333333333333
1804.0	0.9333333333333333
1805.0	0.9333333333333333
1806.0	0.9333333333333333
1807.0	0.9333333333333333
1808.0	0.9333333333333333
1809.0	0.9333333333333333
1810.0	0.9333333333333333
1811.0	0.9333333333333333
1812.0	0.9333333333333333
1813.0	0.9333333333333333
1814.0	0.9333333333333333
1815.0	0.9333333333333333
1816.0	0.9666666666666667
1817.0	0.9666666666666667
1818.0	0.9666666666666667
1819.0	0.9666666666666667
1820.0	0.9666666666666667
1821.0	0.9666666666666667
1822.0	0.9666666666666667
1823.0	0.9666666666666667
1824.0	0.9666666666666667
1825.0	0.9666666666666667
1826.0	0.9666666666666667
1827.0	0.9666666666666667
1828.0	0.9666666666666667
1829.0	0.9666666666666667
1830.0	1.0
1831.0	1.0
1832.0	1.0
1833.0	1.0
1834.0	1.0
1835.0	1.0
1836.0	1.0
1837.0	1.0
1838.0	1.0
1839.0	1.0
1840.0	1.0
1841.0	1.0
1842.0	1.0
1843.0	1.0
1844.0	0.9666666666666667
1845.0	0.9666666666666667
1846.0	0.9666666666666667
1847.0	0.9666666666666667
1848.0	0.9666666666666667
1849.0	0.9666666666666667
1850.0	0.9666666666666667
1851.0	0.9666666666666667
1852.0	0.9666666666666667
1853.0	0.9666666666666667
1854.0	0.9666666666666667
1855.0	0.9666666666666667
1856.0	0.9666666666666667
1857.0	0.9666666666666667
1858.0	0.9666666666666667
1859.0	0.9666666666666667
1860.0	0.9666666666666667
1861.0	0.9666666666666667
1862.0	0.9666666666666667
1863.0	0.9666666666666667
1864.0	0.9666666666666667
1865.0	0.9666666666666667
1866.0	0.9666666666666667
1867.0	0.9666666666666667
1868.0	0.9666666666666667
1869.0	0.9666666666666667
1870.0	0.9666666666666667
1871.0	0.9666666666666667
1872.0	0.9666666666666667
1873.0	0.9666666666666667
1874.0	1.0
1875.0	1.0
1876.0	1.0
1877.0	0.9666666666666667
1878.0	0.9666666666666667
1879.0	0.9666666666666667
1880.0	0.9666666666666667
1881.0	0.9666666666666667
1882.0	0.9666666666666667
1883.0	0.9666666666666667
1884.0	0.9666666666666667
1885.0	0.9666666666666667
1886.0	0.9666666666666667
1887.0	0.9666666666666667
1888.0	0.9666666666666667
1889.0	0.9666666666666667
1890.0	0.9666666666666667
1891.0	0.9666666666666667
1892.0	0.9666666666666667
1893.0	0.9666666666666667
1894.0	0.9666666666666667
1895.0	0.9666666666666667
1896.0	0.9666666666666667
1897.0	0.9666666666666667
1898.0	0.9666666666666667
1899.0	0.9666666666666667
1900.0	0.9666666666666667
1901.0	0.9666666666666667
1902.0	0.9666666666666667
1903.0	0.9666666666666667
1904.0	0.9666666666666667
1905.0	0.9666666666666667
1906.0	0.9666666666666667
1907.0	1.0
1908.0	1.0
1909.0	1.0
1910.0	1.0
1911.0	1.0
1912.0	1.0
1913.0	0.9666666666666667
1914.0	0.9666666666666667
1915.0	0.9666666666666667
1916.0	0.9666666666666667
1917.0	0.9666666666666667
1918.0	0.9666666666666667
1919.0	0.9666666666666667
1920.0	0.9666666666666667
1921.0	0.9666666666666667
1922.0	0.9666666666666667
1923.0	0.9666666666666667
1924.0	0.9666666666666667
1925.0	0.9666666666666667
1926.0	0.9666666666666667
1927.0	0.9666666666666667
1928.0	0.9666666666666667
1929.0	0.9666666666666667
1930.0	0.9666666666666667
1931.0	0.9666666666666667
1932.0	0.9666666666666667
1933.0	0.9666666666666667
1934.0	0.9666666666666667
1935.0	0.9666666666666667
1936.0	0.9666666666666667
1937.0	0.9666666666666667
1938.0	0.9333333333333333
1939.0	0.9333333333333333
1940.0	0.9333333333333333
1941.0	0.9333333333333333
1942.0	0.9333333333333333
1943.0	0.9666666666666667
1944.0	0.9666666666666667
1945.0	0.9666666666666667
1946.0	0.9666666666666667
1947.0	0.9666666666666667
1948.0	0.9666666666666667
1949.0	0.9666666666666667
1950.0	0.9666666666666667
1951.0	0.9666666666666667
1952.0	0.9666666666666667
1953.0	0.9666666666666667
1954.0	0.9666666666666667
1955.0	0.9666666666666667
1956.0	0.9666666666666667
1957.0	0.9666666666666667
1958.0	0.9666666666666667
1959.0	0.9666666666666667
1960.0	0.9666666666666667
1961.0	0.9666666666666667
1962.0	0.9666666666666667
1963.0	0.9666666666666667
1964.0	0.9666666666666667
1965.0	0.9666666666666667
1966.0	0.9666666666666667
1967.0	0.9666666666666667
1968.0	1.0
1969.0	1.0
1970.0	1.0
1971.0	1.0
1972.0	1.0
1973.0	1.0
1974.0	1.0
1975.0	1.0
1976.0	1.0
1977.0	0.9666666666666667
1978.0	0.9666666666666667
1979.0	0.9666666666666667
