0.0	1.0
1.0	1.0
2.0	1.0
3.0	1.0
4.0	1.0
5.0	1.0
6.0	1.0
7.0	1.0
8.0	1.0
9.0	1.0
10.0	0.9090909090909091
11.0	0.8333333333333334
12.0	0.8461538461538461
13.0	0.8571428571428571
14.0	0.8
15.0	0.8125
16.0	0.8235294117647058
17.0	0.7777777777777778
18.0	0.7368421052631579
19.0	0.75
20.0	0.7619047619047619
21.0	0.7727272727272727
22.0	0.782608695652174
23.0	0.7916666666666666
24.0	0.8
25.0	0.8076923076923077
26.0	0.8148148148148148
27.0	0.8214285714285714
28.0	0.8275862068965517
29.0	0.8333333333333334
30.0	0.8387096774193549
31.0	0.84375
32.0	0.8484848484848485
33.0	0.8529411764705882
34.0	0.8571428571428571
35.0	0.8611111111111112
36.0	0.8648648648648649
37.0	0.868421052631579
38.0	0.8717948717948718
39.0	0.85
40.0	0.8536585365853658
41.0	0.8571428571428571
42.0	0.8604651162790697
43.0	0.8409090909090909
44.0	0.8444444444444444
45.0	0.8478260869565217
46.0	0.851063829787234
47.0	0.8541666666666666
48.0	0.8571428571428571
49.0	0.86
50.0	0.8627450980392157
51.0	0.8653846153846154
52.0	0.8679245283018868
53.0	0.8703703703703703
54.0	0.8727272727272727
55.0	0.8571428571428571
56.0	0.8596491228070176
57.0	0.8620689655172413
58.0	0.864406779661017
59.0	0.8666666666666667
60.0	0.8688524590163934
61.0	0.8709677419354839
62.0	0.873015873015873
63.0	0.875
64.0	0.8769230769230769
65.0	0.8787878787878788
66.0	0.8805970149253731
67.0	0.8823529411764706
68.0	0.8840579710144928
69.0	0.8857142857142857
70.0	0.8873239436619719
71.0	0.8888888888888888
72.0	0.8904109589041096
73.0	0.8918918918918919
74.0	0.8933333333333333
75.0	0.8947368421052632
76.0	0.8961038961038961
77.0	0.8974358974358975
78.0	0.8987341772151899
79.0	0.9
80.0	0.9012345679012346
81.0	0.8902439024390244
82.0	0.891566265060241
83.0	0.8928571428571429
84.0	0.8823529411764706
85.0	0.8837209302325582
86.0	0.8850574712643678
87.0	0.8863636363636364
88.0	0.8876404494382022
89.0	0.8888888888888888
90.0	0.8901098901098901
91.0	0.8913043478260869
92.0	0.8924731182795699
93.0	0.8936170212765957
94.0	0.8947368421052632
95.0	0.8958333333333334
96.0	0.8969072164948454
97.0	0.8979591836734694
98.0	0.898989898989899
99.0	0.9
100.0	0.9
101.0	0.9
102.0	0.9
103.0	0.9
104.0	0.9
105.0	0.9
106.0	0.9
107.0	0.9
108.0	0.9
109.0	0.9
110.0	0.9
111.0	0.91
112.0	0.91
113.0	0.91
114.0	0.92
115.0	0.91
116.0	0.91
117.0	0.92
118.0	0.93
119.0	0.93
120.0	0.93
121.0	0.93
122.0	0.92
123.0	0.92
124.0	0.92
125.0	0.92
126.0	0.92
127.0	0.92
128.0	0.92
129.0	0.92
130.0	0.92
131.0	0.92
132.0	0.92
133.0	0.92
134.0	0.92
135.0	0.92
136.0	0.92
137.0	0.92
138.0	0.92
139.0	0.93
140.0	0.92
141.0	0.92
142.0	0.92
143.0	0.93
144.0	0.93
145.0	0.93
146.0	0.93
147.0	0.93
148.0	0.93
149.0	0.93
150.0	0.93
151.0	0.93
152.0	0.93
153.0	0.92
154.0	0.92
155.0	0.93
156.0	0.93
157.0	0.93
158.0	0.93
159.0	0.93
160.0	0.93
161.0	0.93
162.0	0.93
163.0	0.93
164.0	0.93
165.0	0.93
166.0	0.93
167.0	0.93
168.0	0.93
169.0	0.93
170.0	0.92
171.0	0.92
172.0	0.92
173.0	0.92
174.0	0.92
175.0	0.92
176.0	0.92
177.0	0.92
178.0	0.92
179.0	0.92
180.0	0.92
181.0	0.93
182.0	0.93
183.0	0.93
184.0	0.94
185.0	0.94
186.0	0.94
187.0	0.94
188.0	0.94
189.0	0.94
190.0	0.94
191.0	0.94
192.0	0.94
193.0	0.93
194.0	0.93
195.0	0.92
196.0	0.91
197.0	0.91
198.0	0.91
199.0	0.91
200.0	0.91
201.0	0.91
202.0	0.91
203.0	0.91
204.0	0.91
205.0	0.9
206.0	0.9
207.0	0.9
208.0	0.9
209.0	0.89
210.0	0.9
211.0	0.9
212.0	0.9
213.0	0.9
214.0	0.9
215.0	0.9
216.0	0.89
217.0	0.89
218.0	0.89
219.0	0.89
220.0	0.89
221.0	0.89
222.0	0.9
223.0	0.9
224.0	0.9
225.0	0.9
226.0	0.9
227.0	0.9
228.0	0.9
229.0	0.9
230.0	0.9
231.0	0.9
232.0	0.9
233.0	0.9
234.0	0.9
235.0	0.9
236.0	0.89
237.0	0.89
238.0	0.89
239.0	0.89
240.0	0.9
241.0	0.9
242.0	0.9
243.0	0.9
244.0	0.9
245.0	0.9
246.0	0.9
247.0	0.9
248.0	0.89
249.0	0.89
250.0	0.89
251.0	0.89
252.0	0.89
253.0	0.9
254.0	0.9
255.0	0.89
256.0	0.89
257.0	0.89
258.0	0.89
259.0	0.89
260.0	0.89
261.0	0.89
262.0	0.88
263.0	0.88
264.0	0.88
265.0	0.88
266.0	0.88
267.0	0.88
268.0	0.88
269.0	0.88
270.0	0.89
271.0	0.89
272.0	0.89
273.0	0.89
274.0	0.89
275.0	0.89
276.0	0.89
277.0	0.89
278.0	0.89
279.0	0.89
280.0	0.89
281.0	0.89
282.0	0.89
283.0	0.89
284.0	0.89
285.0	0.88
286.0	0.88
287.0	0.88
288.0	0.88
289.0	0.88
290.0	0.88
291.0	0.88
292.0	0.88
293.0	0.89
294.0	0.89
295.0	0.9
296.0	0.91
297.0	0.91
298.0	0.91
299.0	0.91
300.0	0.91
301.0	0.91
302.0	0.91
303.0	0.91
304.0	0.91
305.0	0.92
306.0	0.92
307.0	0.92
308.0	0.92
309.0	0.93
310.0	0.93
311.0	0.93
312.0	0.93
313.0	0.93
314.0	0.93
315.0	0.94
316.0	0.95
317.0	0.95
318.0	0.95
319.0	0.95
320.0	0.95
321.0	0.95
322.0	0.95
323.0	0.95
324.0	0.95
325.0	0.95
326.0	0.95
327.0	0.95
328.0	0.95
329.0	0.95
330.0	0.95
331.0	0.95
332.0	0.95
333.0	0.94
334.0	0.94
335.0	0.93
336.0	0.94
337.0	0.93
338.0	0.93
339.0	0.93
340.0	0.93
341.0	0.93
342.0	0.93
343.0	0.93
344.0	0.93
345.0	0.93
346.0	0.93
347.0	0.93
348.0	0.94
349.0	0.94
350.0	0.94
351.0	0.94
352.0	0.94
353.0	0.94
354.0	0.94
355.0	0.94
356.0	0.94
357.0	0.94
358.0	0.94
359.0	0.94
360.0	0.94
361.0	0.94
362.0	0.95
363.0	0.95
364.0	0.95
365.0	0.95
366.0	0.95
367.0	0.95
368.0	0.95
369.0	0.95
370.0	0.95
371.0	0.95
372.0	0.95
373.0	0.95
374.0	0.95
375.0	0.95
376.0	0.95
377.0	0.95
378.0	0.95
379.0	0.95
380.0	0.95
381.0	0.95
382.0	0.94
383.0	0.94
384.0	0.94
385.0	0.95
386.0	0.95
387.0	0.95
388.0	0.95
389.0	0.95
390.0	0.94
391.0	0.93
392.0	0.93
393.0	0.93
394.0	0.93
395.0	0.93
396.0	0.92
397.0	0.92
398.0	0.91
399.0	0.91
400.0	0.91
401.0	0.91
402.0	0.91
403.0	0.91
404.0	0.91
405.0	0.91
406.0	0.91
407.0	0.91
408.0	0.91
409.0	0.91
410.0	0.91
411.0	0.91
412.0	0.9
413.0	0.9
414.0	0.9
415.0	0.9
416.0	0.9
417.0	0.9
418.0	0.9
419.0	0.9
420.0	0.9
421.0	0.9
422.0	0.9
423.0	0.9
424.0	0.9
425.0	0.9
426.0	0.9
427.0	0.9
428.0	0.89
429.0	0.89
430.0	0.89
431.0	0.89
432.0	0.89
433.0	0.9
434.0	0.9
435.0	0.91
436.0	0.91
437.0	0.92
438.0	0.92
439.0	0.91
440.0	0.91
441.0	0.91
442.0	0.91
443.0	0.91
444.0	0.91
445.0	0.91
446.0	0.9
447.0	0.9
448.0	0.9
449.0	0.9
450.0	0.89
451.0	0.89
452.0	0.89
453.0	0.89
454.0	0.89
455.0	0.9
456.0	0.9
457.0	0.9
458.0	0.9
459.0	0.89
460.0	0.89
461.0	0.89
462.0	0.89
463.0	0.89
464.0	0.89
465.0	0.89
466.0	0.89
467.0	0.89
468.0	0.89
469.0	0.88
470.0	0.88
471.0	0.88
472.0	0.88
473.0	0.88
474.0	0.88
475.0	0.88
476.0	0.88
477.0	0.87
478.0	0.87
479.0	0.87
480.0	0.87
481.0	0.87
482.0	0.88
483.0	0.88
484.0	0.88
485.0	0.88
486.0	0.88
487.0	0.88
488.0	0.88
489.0	0.88
490.0	0.89
491.0	0.9
492.0	0.9
493.0	0.9
494.0	0.9
495.0	0.9
496.0	0.91
497.0	0.91
498.0	0.92
499.0	0.91
500.0	0.91
501.0	0.91
502.0	0.9
503.0	0.9
504.0	0.9
505.0	0.9
506.0	0.89
507.0	0.88
508.0	0.88
509.0	0.88
510.0	0.88
511.0	0.88
512.0	0.89
513.0	0.88
514.0	0.88
515.0	0.87
516.0	0.87
517.0	0.87
518.0	0.87
519.0	0.86
520.0	0.86
521.0	0.86
522.0	0.86
523.0	0.86
524.0	0.86
525.0	0.86
526.0	0.86
527.0	0.86
528.0	0.87
529.0	0.87
530.0	0.87
531.0	0.87
532.0	0.87
533.0	0.87
534.0	0.87
535.0	0.87
536.0	0.87
537.0	0.87
538.0	0.87
539.0	0.88
540.0	0.88
541.0	0.88
542.0	0.88
543.0	0.88
544.0	0.88
545.0	0.88
546.0	0.89
547.0	0.89
548.0	0.89
549.0	0.89
550.0	0.9
551.0	0.9
552.0	0.9
553.0	0.9
554.0	0.9
555.0	0.9
556.0	0.9
557.0	0.9
558.0	0.89
559.0	0.9
560.0	0.9
561.0	0.9
562.0	0.9
563.0	0.9
564.0	0.9
565.0	0.9
566.0	0.89
567.0	0.89
568.0	0.88
569.0	0.89
570.0	0.89
571.0	0.89
572.0	0.89
573.0	0.89
574.0	0.88
575.0	0.88
576.0	0.88
577.0	0.89
578.0	0.89
579.0	0.89
580.0	0.89
581.0	0.89
582.0	0.89
583.0	0.88
584.0	0.88
585.0	0.88
586.0	0.88
587.0	0.88
588.0	0.88
589.0	0.88
590.0	0.88
591.0	0.88
592.0	0.87
593.0	0.87
594.0	0.87
595.0	0.87
596.0	0.87
597.0	0.87
598.0	0.87
599.0	0.88
600.0	0.87
601.0	0.87
602.0	0.88
603.0	0.88
604.0	0.88
605.0	0.88
606.0	0.89
607.0	0.9
608.0	0.9
609.0	0.9
610.0	0.9
611.0	0.9
612.0	0.89
613.0	0.9
614.0	0.89
615.0	0.9
616.0	0.9
617.0	0.9
618.0	0.9
619.0	0.91
620.0	0.91
621.0	0.91
622.0	0.91
623.0	0.91
624.0	0.91
625.0	0.91
626.0	0.91
627.0	0.9
628.0	0.9
629.0	0.9
630.0	0.9
631.0	0.9
632.0	0.9
633.0	0.89
634.0	0.89
635.0	0.89
636.0	0.88
637.0	0.88
638.0	0.88
639.0	0.88
640.0	0.88
641.0	0.88
642.0	0.87
643.0	0.87
644.0	0.87
645.0	0.87
646.0	0.87
647.0	0.87
648.0	0.87
649.0	0.87
650.0	0.87
651.0	0.86
652.0	0.86
653.0	0.86
654.0	0.86
655.0	0.86
656.0	0.86
657.0	0.86
658.0	0.87
659.0	0.87
660.0	0.87
661.0	0.86
662.0	0.86
663.0	0.86
664.0	0.86
665.0	0.86
666.0	0.87
667.0	0.87
668.0	0.88
669.0	0.87
670.0	0.86
671.0	0.86
672.0	0.86
673.0	0.85
674.0	0.86
675.0	0.86
676.0	0.86
677.0	0.86
678.0	0.86
679.0	0.86
680.0	0.86
681.0	0.86
682.0	0.86
683.0	0.87
684.0	0.87
685.0	0.87
686.0	0.87
687.0	0.86
688.0	0.86
689.0	0.86
690.0	0.86
691.0	0.86
692.0	0.87
693.0	0.86
694.0	0.86
695.0	0.86
696.0	0.86
697.0	0.86
698.0	0.86
699.0	0.86
700.0	0.87
701.0	0.87
702.0	0.87
703.0	0.87
704.0	0.87
705.0	0.87
706.0	0.87
707.0	0.87
708.0	0.87
709.0	0.87
710.0	0.87
711.0	0.87
712.0	0.88
713.0	0.88
714.0	0.89
715.0	0.89
716.0	0.89
717.0	0.89
718.0	0.89
719.0	0.89
720.0	0.89
721.0	0.89
722.0	0.89
723.0	0.89
724.0	0.89
725.0	0.89
726.0	0.89
727.0	0.9
728.0	0.9
729.0	0.9
730.0	0.9
731.0	0.9
732.0	0.9
733.0	0.91
734.0	0.91
735.0	0.91
736.0	0.92
737.0	0.92
738.0	0.92
739.0	0.92
740.0	0.92
741.0	0.91
742.0	0.92
743.0	0.92
744.0	0.91
745.0	0.91
746.0	0.91
747.0	0.91
748.0	0.91
749.0	0.91
750.0	0.91
751.0	0.92
752.0	0.92
753.0	0.92
754.0	0.92
755.0	0.92
756.0	0.92
757.0	0.92
758.0	0.92
759.0	0.92
760.0	0.92
761.0	0.93
762.0	0.93
763.0	0.93
764.0	0.93
765.0	0.93
766.0	0.93
767.0	0.93
768.0	0.93
769.0	0.94
770.0	0.95
771.0	0.95
772.0	0.95
773.0	0.96
774.0	0.96
775.0	0.96
776.0	0.96
777.0	0.96
778.0	0.96
779.0	0.96
780.0	0.96
781.0	0.96
782.0	0.96
783.0	0.96
784.0	0.96
785.0	0.96
786.0	0.96
787.0	0.97
788.0	0.97
789.0	0.97
790.0	0.97
791.0	0.97
792.0	0.97
793.0	0.98
794.0	0.98
795.0	0.98
796.0	0.98
797.0	0.97
798.0	0.96
799.0	0.96
800.0	0.96
801.0	0.96
802.0	0.96
803.0	0.96
804.0	0.96
805.0	0.96
806.0	0.96
807.0	0.96
808.0	0.96
809.0	0.96
810.0	0.95
811.0	0.95
812.0	0.95
813.0	0.95
814.0	0.95
815.0	0.95
816.0	0.95
817.0	0.95
818.0	0.95
819.0	0.95
820.0	0.94
821.0	0.93
822.0	0.93
823.0	0.93
824.0	0.93
825.0	0.93
826.0	0.93
827.0	0.93
828.0	0.93
829.0	0.93
830.0	0.92
831.0	0.92
832.0	0.92
833.0	0.92
834.0	0.92
835.0	0.92
836.0	0.92
837.0	0.92
838.0	0.92
839.0	0.92
840.0	0.92
841.0	0.92
842.0	0.92
843.0	0.92
844.0	0.92
845.0	0.92
846.0	0.92
847.0	0.92
848.0	0.92
849.0	0.92
850.0	0.92
851.0	0.92
852.0	0.92
853.0	0.92
854.0	0.92
855.0	0.91
856.0	0.91
857.0	0.9
858.0	0.9
859.0	0.9
860.0	0.9
861.0	0.9
862.0	0.9
863.0	0.9
864.0	0.9
865.0	0.9
866.0	0.9
867.0	0.9
868.0	0.9
869.0	0.9
870.0	0.9
871.0	0.9
872.0	0.9
873.0	0.9
874.0	0.9
875.0	0.9
876.0	0.9
877.0	0.9
878.0	0.89
879.0	0.89
880.0	0.88
881.0	0.88
882.0	0.88
883.0	0.88
884.0	0.88
885.0	0.88
886.0	0.88
887.0	0.88
888.0	0.88
889.0	0.88
890.0	0.88
891.0	0.88
892.0	0.88
893.0	0.88
894.0	0.88
895.0	0.88
896.0	0.87
897.0	0.88
898.0	0.89
899.0	0.88
900.0	0.87
901.0	0.87
902.0	0.86
903.0	0.86
904.0	0.85
905.0	0.85
906.0	0.85
907.0	0.85
908.0	0.85
909.0	0.85
910.0	0.86
911.0	0.86
912.0	0.86
913.0	0.86
914.0	0.86
915.0	0.86
916.0	0.86
917.0	0.86
918.0	0.86
919.0	0.86
920.0	0.87
921.0	0.88
922.0	0.88
923.0	0.88
924.0	0.88
925.0	0.88
926.0	0.87
927.0	0.87
928.0	0.87
929.0	0.87
930.0	0.88
931.0	0.88
932.0	0.88
933.0	0.88
934.0	0.88
935.0	0.88
936.0	0.88
937.0	0.88
938.0	0.88
939.0	0.88
940.0	0.88
941.0	0.89
942.0	0.89
943.0	0.89
944.0	0.9
945.0	0.9
946.0	0.9
947.0	0.9
948.0	0.9
949.0	0.9
950.0	0.9
951.0	0.9
952.0	0.9
953.0	0.9
954.0	0.9
955.0	0.91
956.0	0.91
957.0	0.92
958.0	0.92
959.0	0.92
960.0	0.92
961.0	0.92
962.0	0.92
963.0	0.92
964.0	0.92
965.0	0.92
966.0	0.92
967.0	0.92
968.0	0.92
969.0	0.92
970.0	0.92
971.0	0.92
972.0	0.92
973.0	0.92
974.0	0.92
975.0	0.92
976.0	0.92
977.0	0.92
978.0	0.93
979.0	0.93
980.0	0.94
981.0	0.94
982.0	0.94
983.0	0.94
984.0	0.94
985.0	0.94
986.0	0.94
987.0	0.94
988.0	0.94
989.0	0.94
990.0	0.94
991.0	0.94
992.0	0.94
993.0	0.94
994.0	0.94
995.0	0.94
996.0	0.94
997.0	0.94
998.0	0.94
999.0	0.95
1000.0	0.96
1001.0	0.96
1002.0	0.97
1003.0	0.97
1004.0	0.98
1005.0	0.97
1006.0	0.97
1007.0	0.97
1008.0	0.97
1009.0	0.97
1010.0	0.97
1011.0	0.97
1012.0	0.97
1013.0	0.97
1014.0	0.97
1015.0	0.97
1016.0	0.97
1017.0	0.97
1018.0	0.97
1019.0	0.97
1020.0	0.97
1021.0	0.97
1022.0	0.97
1023.0	0.97
1024.0	0.97
1025.0	0.97
1026.0	0.98
1027.0	0.98
1028.0	0.98
1029.0	0.98
1030.0	0.98
1031.0	0.98
1032.0	0.98
1033.0	0.98
1034.0	0.98
1035.0	0.98
1036.0	0.98
1037.0	0.97
1038.0	0.97
1039.0	0.97
1040.0	0.97
1041.0	0.97
1042.0	0.97
1043.0	0.97
1044.0	0.97
1045.0	0.97
1046.0	0.97
1047.0	0.97
1048.0	0.97
1049.0	0.97
1050.0	0.97
1051.0	0.97
1052.0	0.97
1053.0	0.97
1054.0	0.97
1055.0	0.97
1056.0	0.97
1057.0	0.97
1058.0	0.97
1059.0	0.97
1060.0	0.97
1061.0	0.97
1062.0	0.97
1063.0	0.97
1064.0	0.96
1065.0	0.96
1066.0	0.96
1067.0	0.96
1068.0	0.96
1069.0	0.96
1070.0	0.96
1071.0	0.96
1072.0	0.96
1073.0	0.96
1074.0	0.96
1075.0	0.96
1076.0	0.96
1077.0	0.96
1078.0	0.96
1079.0	0.96
1080.0	0.96
1081.0	0.95
1082.0	0.95
1083.0	0.95
1084.0	0.95
1085.0	0.95
1086.0	0.95
1087.0	0.95
1088.0	0.95
1089.0	0.95
1090.0	0.95
1091.0	0.95
1092.0	0.95
1093.0	0.95
1094.0	0.95
1095.0	0.95
1096.0	0.96
1097.0	0.96
1098.0	0.96
1099.0	0.96
1100.0	0.96
1101.0	0.96
1102.0	0.96
1103.0	0.96
1104.0	0.96
1105.0	0.97
1106.0	0.97
1107.0	0.96
1108.0	0.96
1109.0	0.96
1110.0	0.96
1111.0	0.96
1112.0	0.96
1113.0	0.96
1114.0	0.96
1115.0	0.96
1116.0	0.96
1117.0	0.96
1118.0	0.96
1119.0	0.96
1120.0	0.96
1121.0	0.96
1122.0	0.96
1123.0	0.96
1124.0	0.96
1125.0	0.96
1126.0	0.96
1127.0	0.96
1128.0	0.96
1129.0	0.96
1130.0	0.96
1131.0	0.96
1132.0	0.96
1133.0	0.96
1134.0	0.96
1135.0	0.96
1136.0	0.96
1137.0	0.97
1138.0	0.97
1139.0	0.97
1140.0	0.97
1141.0	0.97
1142.0	0.97
1143.0	0.97
1144.0	0.96
1145.0	0.96
1146.0	0.96
1147.0	0.96
1148.0	0.96
1149.0	0.96
1150.0	0.96
1151.0	0.95
1152.0	0.95
1153.0	0.95
1154.0	0.95
1155.0	0.95
1156.0	0.94
1157.0	0.94
1158.0	0.94
1159.0	0.94
1160.0	0.94
1161.0	0.94
1162.0	0.94
1163.0	0.94
1164.0	0.95
1165.0	0.95
1166.0	0.95
1167.0	0.95
1168.0	0.95
1169.0	0.95
1170.0	0.95
1171.0	0.95
1172.0	0.95
1173.0	0.95
1174.0	0.95
1175.0	0.95
1176.0	0.94
1177.0	0.94
1178.0	0.94
1179.0	0.94
1180.0	0.94
1181.0	0.95
1182.0	0.95
1183.0	0.95
1184.0	0.95
1185.0	0.95
1186.0	0.95
1187.0	0.95
1188.0	0.95
1189.0	0.95
1190.0	0.95
1191.0	0.95
1192.0	0.95
1193.0	0.95
1194.0	0.95
1195.0	0.95
1196.0	0.94
1197.0	0.94
1198.0	0.94
1199.0	0.94
1200.0	0.94
1201.0	0.94
1202.0	0.94
1203.0	0.94
1204.0	0.94
1205.0	0.94
1206.0	0.94
1207.0	0.95
1208.0	0.95
1209.0	0.95
1210.0	0.95
1211.0	0.95
1212.0	0.95
1213.0	0.95
1214.0	0.95
1215.0	0.95
1216.0	0.95
1217.0	0.95
1218.0	0.95
1219.0	0.95
1220.0	0.95
1221.0	0.95
1222.0	0.95
1223.0	0.95
1224.0	0.95
1225.0	0.95
1226.0	0.95
1227.0	0.95
1228.0	0.95
1229.0	0.95
1230.0	0.95
1231.0	0.95
1232.0	0.95
1233.0	0.95
1234.0	0.95
1235.0	0.95
1236.0	0.95
1237.0	0.95
1238.0	0.95
1239.0	0.95
1240.0	0.95
1241.0	0.95
1242.0	0.95
1243.0	0.95
1244.0	0.96
1245.0	0.96
1246.0	0.96
1247.0	0.96
1248.0	0.96
1249.0	0.96
1250.0	0.96
1251.0	0.97
1252.0	0.97
1253.0	0.97
1254.0	0.97
1255.0	0.97
1256.0	0.98
1257.0	0.98
1258.0	0.98
1259.0	0.98
1260.0	0.98
1261.0	0.98
1262.0	0.98
1263.0	0.98
1264.0	0.98
1265.0	0.98
1266.0	0.98
1267.0	0.98
1268.0	0.98
1269.0	0.98
1270.0	0.98
1271.0	0.98
1272.0	0.98
1273.0	0.98
1274.0	0.98
1275.0	0.98
1276.0	0.99
1277.0	0.99
1278.0	0.99
1279.0	0.99
1280.0	0.99
1281.0	0.99
1282.0	0.99
1283.0	0.99
1284.0	0.99
1285.0	0.99
1286.0	0.99
1287.0	0.99
1288.0	0.99
1289.0	0.99
1290.0	0.99
1291.0	0.99
1292.0	0.99
1293.0	0.99
1294.0	0.99
1295.0	0.99
1296.0	1.0
1297.0	1.0
1298.0	1.0
1299.0	1.0
1300.0	1.0
1301.0	1.0
1302.0	1.0
1303.0	1.0
1304.0	1.0
1305.0	1.0
1306.0	1.0
1307.0	1.0
1308.0	1.0
1309.0	1.0
1310.0	1.0
1311.0	1.0
1312.0	1.0
1313.0	1.0
1314.0	1.0
1315.0	1.0
1316.0	1.0
1317.0	1.0
1318.0	1.0
1319.0	1.0
1320.0	1.0
1321.0	1.0
1322.0	1.0
1323.0	1.0
1324.0	1.0
1325.0	1.0
1326.0	1.0
1327.0	1.0
1328.0	1.0
1329.0	0.99
1330.0	0.99
1331.0	0.99
1332.0	0.99
1333.0	0.99
1334.0	0.99
1335.0	0.99
1336.0	0.99
1337.0	0.99
1338.0	0.99
1339.0	0.98
1340.0	0.98
1341.0	0.98
1342.0	0.98
1343.0	0.98
1344.0	0.98
1345.0	0.98
1346.0	0.98
1347.0	0.98
1348.0	0.98
1349.0	0.98
1350.0	0.98
1351.0	0.98
1352.0	0.98
1353.0	0.98
1354.0	0.98
1355.0	0.98
1356.0	0.98
1357.0	0.98
1358.0	0.98
1359.0	0.98
1360.0	0.98
1361.0	0.98
1362.0	0.98
1363.0	0.98
1364.0	0.98
1365.0	0.98
1366.0	0.98
1367.0	0.97
1368.0	0.97
1369.0	0.97
1370.0	0.97
1371.0	0.97
1372.0	0.97
1373.0	0.97
1374.0	0.97
1375.0	0.96
1376.0	0.96
1377.0	0.96
1378.0	0.96
1379.0	0.96
1380.0	0.96
1381.0	0.96
1382.0	0.96
1383.0	0.96
1384.0	0.96
1385.0	0.96
1386.0	0.96
1387.0	0.96
1388.0	0.96
1389.0	0.96
1390.0	0.96
1391.0	0.96
1392.0	0.96
1393.0	0.96
1394.0	0.96
1395.0	0.96
1396.0	0.96
1397.0	0.96
1398.0	0.96
1399.0	0.96
1400.0	0.96
1401.0	0.96
1402.0	0.96
1403.0	0.96
1404.0	0.96
1405.0	0.96
1406.0	0.96
1407.0	0.96
1408.0	0.96
1409.0	0.96
1410.0	0.96
1411.0	0.96
1412.0	0.96
1413.0	0.96
1414.0	0.96
1415.0	0.96
1416.0	0.96
1417.0	0.96
1418.0	0.96
1419.0	0.96
1420.0	0.96
1421.0	0.96
1422.0	0.96
1423.0	0.96
1424.0	0.96
1425.0	0.96
1426.0	0.96
1427.0	0.96
1428.0	0.96
1429.0	0.97
1430.0	0.97
1431.0	0.97
1432.0	0.97
1433.0	0.97
1434.0	0.97
1435.0	0.97
1436.0	0.97
1437.0	0.97
1438.0	0.97
1439.0	0.98
1440.0	0.98
1441.0	0.98
1442.0	0.98
1443.0	0.98
1444.0	0.98
1445.0	0.97
1446.0	0.97
1447.0	0.97
1448.0	0.97
1449.0	0.97
1450.0	0.97
1451.0	0.97
1452.0	0.97
1453.0	0.97
1454.0	0.97
1455.0	0.97
1456.0	0.97
1457.0	0.97
1458.0	0.97
1459.0	0.97
1460.0	0.97
1461.0	0.97
1462.0	0.97
1463.0	0.97
1464.0	0.97
1465.0	0.97
1466.0	0.97
1467.0	0.98
1468.0	0.98
1469.0	0.98
1470.0	0.98
1471.0	0.98
1472.0	0.98
1473.0	0.98
1474.0	0.97
1475.0	0.98
1476.0	0.98
1477.0	0.98
1478.0	0.98
1479.0	0.98
1480.0	0.98
1481.0	0.98
1482.0	0.98
1483.0	0.98
1484.0	0.98
1485.0	0.98
1486.0	0.98
1487.0	0.98
1488.0	0.98
1489.0	0.98
1490.0	0.98
1491.0	0.98
1492.0	0.98
1493.0	0.97
1494.0	0.97
1495.0	0.97
1496.0	0.97
1497.0	0.97
1498.0	0.97
1499.0	0.97
1500.0	0.97
1501.0	0.97
1502.0	0.97
1503.0	0.97
1504.0	0.97
1505.0	0.97
1506.0	0.97
1507.0	0.97
1508.0	0.97
1509.0	0.97
1510.0	0.97
1511.0	0.97
1512.0	0.96
1513.0	0.96
1514.0	0.96
1515.0	0.96
1516.0	0.96
1517.0	0.96
1518.0	0.96
1519.0	0.96
1520.0	0.96
1521.0	0.96
1522.0	0.96
1523.0	0.96
1524.0	0.96
1525.0	0.96
1526.0	0.96
1527.0	0.96
1528.0	0.96
1529.0	0.96
1530.0	0.96
1531.0	0.96
1532.0	0.96
1533.0	0.96
1534.0	0.96
1535.0	0.96
1536.0	0.96
1537.0	0.96
1538.0	0.96
1539.0	0.96
1540.0	0.96
1541.0	0.96
1542.0	0.96
1543.0	0.96
1544.0	0.96
1545.0	0.97
1546.0	0.96
1547.0	0.96
1548.0	0.96
1549.0	0.96
1550.0	0.96
1551.0	0.96
1552.0	0.96
1553.0	0.96
1554.0	0.96
1555.0	0.96
1556.0	0.96
1557.0	0.96
1558.0	0.96
1559.0	0.96
1560.0	0.96
1561.0	0.96
1562.0	0.96
1563.0	0.96
1564.0	0.96
1565.0	0.96
1566.0	0.96
1567.0	0.96
1568.0	0.96
1569.0	0.96
1570.0	0.96
1571.0	0.96
1572.0	0.96
1573.0	0.96
1574.0	0.97
1575.0	0.97
1576.0	0.97
1577.0	0.97
1578.0	0.97
1579.0	0.97
1580.0	0.97
1581.0	0.97
1582.0	0.97
1583.0	0.97
1584.0	0.97
1585.0	0.97
1586.0	0.97
1587.0	0.97
1588.0	0.97
1589.0	0.97
1590.0	0.97
1591.0	0.97
1592.0	0.97
1593.0	0.98
1594.0	0.98
1595.0	0.98
1596.0	0.98
1597.0	0.98
1598.0	0.98
1599.0	0.98
1600.0	0.98
1601.0	0.98
1602.0	0.97
1603.0	0.97
1604.0	0.97
1605.0	0.97
1606.0	0.97
1607.0	0.97
1608.0	0.97
1609.0	0.97
1610.0	0.97
1611.0	0.97
1612.0	0.98
1613.0	0.98
1614.0	0.98
1615.0	0.98
1616.0	0.98
1617.0	0.98
1618.0	0.98
1619.0	0.98
1620.0	0.98
1621.0	0.98
1622.0	0.98
1623.0	0.98
1624.0	0.98
1625.0	0.98
1626.0	0.98
1627.0	0.98
1628.0	0.98
1629.0	0.98
1630.0	0.98
1631.0	0.98
1632.0	0.98
1633.0	0.98
1634.0	0.98
1635.0	0.98
1636.0	0.98
1637.0	0.98
1638.0	0.98
1639.0	0.98
1640.0	0.98
1641.0	0.98
1642.0	0.98
1643.0	0.98
1644.0	0.98
1645.0	0.98
1646.0	0.99
1647.0	0.99
1648.0	0.99
1649.0	0.99
1650.0	0.98
1651.0	0.98
1652.0	0.98
1653.0	0.98
1654.0	0.98
1655.0	0.98
1656.0	0.98
1657.0	0.98
1658.0	0.98
1659.0	0.98
1660.0	0.98
1661.0	0.98
1662.0	0.98
1663.0	0.98
1664.0	0.98
1665.0	0.98
1666.0	0.98
1667.0	0.98
1668.0	0.98
1669.0	0.98
1670.0	0.98
1671.0	0.98
1672.0	0.98
1673.0	0.98
1674.0	0.98
1675.0	0.98
1676.0	0.98
1677.0	0.98
1678.0	0.98
1679.0	0.98
1680.0	0.98
1681.0	0.98
1682.0	0.98
1683.0	0.98
1684.0	0.98
1685.0	0.98
1686.0	0.98
1687.0	0.98
1688.0	0.98
1689.0	0.98
1690.0	0.98
1691.0	0.98
1692.0	0.97
1693.0	0.97
1694.0	0.97
1695.0	0.97
1696.0	0.97
1697.0	0.97
1698.0	0.97
1699.0	0.97
1700.0	0.97
1701.0	0.97
1702.0	0.98
1703.0	0.98
1704.0	0.98
1705.0	0.98
1706.0	0.98
1707.0	0.98
1708.0	0.97
1709.0	0.97
1710.0	0.97
1711.0	0.97
1712.0	0.97
1713.0	0.97
1714.0	0.97
1715.0	0.97
1716.0	0.97
1717.0	0.97
1718.0	0.97
1719.0	0.97
1720.0	0.97
1721.0	0.97
1722.0	0.97
1723.0	0.97
1724.0	0.97
1725.0	0.97
1726.0	0.97
1727.0	0.97
1728.0	0.97
1729.0	0.97
1730.0	0.97
1731.0	0.97
1732.0	0.97
1733.0	0.97
1734.0	0.97
1735.0	0.97
1736.0	0.97
1737.0	0.97
1738.0	0.97
1739.0	0.97
1740.0	0.97
1741.0	0.97
1742.0	0.97
1743.0	0.97
1744.0	0.97
1745.0	0.97
1746.0	0.97
1747.0	0.97
1748.0	0.97
1749.0	0.97
1750.0	0.98
1751.0	0.98
1752.0	0.98
1753.0	0.98
1754.0	0.98
1755.0	0.98
1756.0	0.98
1757.0	0.98
1758.0	0.98
1759.0	0.98
1760.0	0.98
1761.0	0.98
1762.0	0.98
1763.0	0.98
1764.0	0.98
1765.0	0.98
1766.0	0.98
1767.0	0.98
1768.0	0.98
1769.0	0.98
1770.0	0.98
1771.0	0.98
1772.0	0.98
1773.0	0.98
1774.0	0.98
1775.0	0.98
1776.0	0.98
1777.0	0.98
1778.0	0.98
1779.0	0.98
1780.0	0.98
1781.0	0.98
1782.0	0.98
1783.0	0.98
1784.0	0.98
1785.0	0.98
1786.0	0.97
1787.0	0.97
1788.0	0.97
1789.0	0.97
1790.0	0.97
1791.0	0.97
1792.0	0.98
1793.0	0.98
1794.0	0.98
1795.0	0.98
1796.0	0.98
1797.0	0.98
1798.0	0.98
1799.0	0.98
1800.0	0.97
1801.0	0.97
1802.0	0.97
1803.0	0.97
1804.0	0.97
1805.0	0.97
1806.0	0.97
1807.0	0.97
1808.0	0.98
1809.0	0.98
1810.0	0.98
1811.0	0.98
1812.0	0.98
1813.0	0.98
1814.0	0.98
1815.0	0.98
1816.0	0.98
1817.0	0.98
1818.0	0.98
1819.0	0.98
1820.0	0.98
1821.0	0.98
1822.0	0.98
1823.0	0.98
1824.0	0.98
1825.0	0.98
1826.0	0.98
1827.0	0.98
1828.0	0.98
1829.0	0.98
1830.0	0.98
1831.0	0.98
1832.0	0.98
1833.0	0.98
1834.0	0.98
1835.0	0.98
1836.0	0.98
1837.0	0.98
1838.0	0.98
1839.0	0.98
1840.0	0.98
1841.0	0.98
1842.0	0.98
1843.0	0.98
1844.0	0.97
1845.0	0.97
1846.0	0.97
1847.0	0.97
1848.0	0.97
1849.0	0.97
1850.0	0.97
1851.0	0.97
1852.0	0.97
1853.0	0.97
1854.0	0.97
1855.0	0.97
1856.0	0.97
1857.0	0.97
1858.0	0.97
1859.0	0.97
1860.0	0.97
1861.0	0.97
1862.0	0.97
1863.0	0.97
1864.0	0.97
1865.0	0.97
1866.0	0.97
1867.0	0.97
1868.0	0.97
1869.0	0.97
1870.0	0.97
1871.0	0.97
1872.0	0.97
1873.0	0.97
1874.0	0.97
1875.0	0.97
1876.0	0.97
1877.0	0.96
1878.0	0.96
1879.0	0.96
1880.0	0.96
1881.0	0.96
1882.0	0.96
1883.0	0.96
1884.0	0.96
1885.0	0.96
1886.0	0.97
1887.0	0.97
1888.0	0.97
1889.0	0.97
1890.0	0.97
1891.0	0.97
1892.0	0.97
1893.0	0.97
1894.0	0.97
1895.0	0.97
1896.0	0.97
1897.0	0.97
1898.0	0.97
1899.0	0.97
1900.0	0.98
1901.0	0.98
1902.0	0.98
1903.0	0.98
1904.0	0.98
1905.0	0.98
1906.0	0.98
1907.0	0.98
1908.0	0.98
1909.0	0.98
1910.0	0.98
1911.0	0.98
1912.0	0.98
1913.0	0.97
1914.0	0.97
1915.0	0.97
1916.0	0.97
1917.0	0.97
1918.0	0.97
1919.0	0.97
1920.0	0.97
1921.0	0.97
1922.0	0.97
1923.0	0.97
1924.0	0.97
1925.0	0.97
1926.0	0.97
1927.0	0.97
1928.0	0.97
1929.0	0.97
1930.0	0.97
1931.0	0.97
1932.0	0.97
1933.0	0.97
1934.0	0.97
1935.0	0.97
1936.0	0.97
1937.0	0.97
1938.0	0.96
1939.0	0.96
1940.0	0.96
1941.0	0.96
1942.0	0.96
1943.0	0.96
1944.0	0.97
1945.0	0.97
1946.0	0.97
1947.0	0.97
1948.0	0.97
1949.0	0.97
1950.0	0.97
1951.0	0.97
1952.0	0.97
1953.0	0.97
1954.0	0.97
1955.0	0.97
1956.0	0.97
1957.0	0.97
1958.0	0.97
1959.0	0.97
1960.0	0.97
1961.0	0.97
1962.0	0.97
1963.0	0.97
1964.0	0.97
1965.0	0.97
1966.0	0.97
1967.0	0.97
1968.0	0.97
1969.0	0.97
1970.0	0.97
1971.0	0.97
1972.0	0.97
1973.0	0.97
1974.0	0.97
1975.0	0.97
1976.0	0.97
1977.0	0.97
1978.0	0.97
1979.0	0.97
