0.0	0.02
1.0	0.02
2.0	0.016666666666666666
3.0	0.015000000000000001
4.0	0.02
5.0	0.02
6.0	0.02
7.0	0.022500000000000003
8.0	0.021111111111111115
9.0	0.020000000000000004
10.0	0.019090909090909096
11.0	0.01916666666666667
12.0	0.018461538461538467
13.0	0.01785714285714286
14.0	0.017333333333333336
15.0	0.016875000000000005
16.0	0.01705882352941177
17.0	0.016666666666666673
18.0	0.016315789473684218
19.0	0.017000000000000005
20.0	0.01666666666666667
21.0	0.016818181818181822
22.0	0.01652173913043479
23.0	0.01708333333333334
24.0	0.018000000000000006
25.0	0.018461538461538467
26.0	0.019259259259259264
27.0	0.01964285714285715
28.0	0.01931034482758621
29.0	0.019000000000000006
30.0	0.019666666666666673
31.0	0.019666666666666673
32.0	0.02033333333333334
33.0	0.02133333333333334
34.0	0.02033333333333334
35.0	0.020666666666666673
36.0	0.020666666666666673
37.0	0.02033333333333334
38.0	0.020666666666666673
39.0	0.021000000000000008
40.0	0.02200000000000001
41.0	0.02200000000000001
42.0	0.02233333333333334
43.0	0.02333333333333334
44.0	0.02333333333333334
45.0	0.02333333333333334
46.0	0.023666666666666676
47.0	0.02400000000000001
48.0	0.02400000000000001
49.0	0.02333333333333334
50.0	0.02333333333333334
51.0	0.02400000000000001
52.0	0.025000000000000012
53.0	0.024333333333333342
54.0	0.02333333333333334
55.0	0.023666666666666676
56.0	0.023666666666666676
57.0	0.02400000000000001
58.0	0.024333333333333342
59.0	0.024333333333333342
60.0	0.02333333333333334
61.0	0.02400000000000001
62.0	0.02333333333333334
63.0	0.02333333333333334
64.0	0.02333333333333334
65.0	0.02333333333333334
66.0	0.02400000000000001
67.0	0.02333333333333334
68.0	0.02333333333333334
69.0	0.02333333333333334
70.0	0.02300000000000001
71.0	0.022666666666666675
72.0	0.02333333333333334
73.0	0.02233333333333334
74.0	0.02233333333333334
75.0	0.022666666666666675
76.0	0.02233333333333334
77.0	0.02200000000000001
78.0	0.02200000000000001
79.0	0.022666666666666675
80.0	0.02300000000000001
81.0	0.02200000000000001
82.0	0.021000000000000008
83.0	0.02200000000000001
84.0	0.02233333333333334
85.0	0.02133333333333334
86.0	0.02033333333333334
87.0	0.019333333333333338
88.0	0.020000000000000007
89.0	0.02033333333333334
90.0	0.02033333333333334
91.0	0.019333333333333338
92.0	0.019333333333333338
93.0	0.019000000000000006
94.0	0.019333333333333338
95.0	0.01866666666666667
96.0	0.018000000000000006
97.0	0.018000000000000006
98.0	0.018333333333333337
99.0	0.018000000000000006
100.0	0.017333333333333336
101.0	0.017333333333333336
102.0	0.01666666666666667
103.0	0.01766666666666667
104.0	0.01766666666666667
105.0	0.017333333333333336
106.0	0.017000000000000005
107.0	0.01766666666666667
108.0	0.018333333333333337
109.0	0.018333333333333337
110.0	0.019000000000000006
111.0	0.020000000000000007
112.0	0.020000000000000007
113.0	0.019333333333333338
114.0	0.019666666666666673
115.0	0.019666666666666673
116.0	0.02033333333333334
117.0	0.020000000000000007
118.0	0.019000000000000006
119.0	0.01866666666666667
120.0	0.019666666666666673
121.0	0.020666666666666673
122.0	0.021666666666666674
123.0	0.021000000000000008
124.0	0.020666666666666673
125.0	0.021666666666666674
126.0	0.02133333333333334
127.0	0.02133333333333334
128.0	0.021000000000000008
129.0	0.02133333333333334
130.0	0.02133333333333334
131.0	0.02133333333333334
132.0	0.02133333333333334
133.0	0.020666666666666673
134.0	0.02133333333333334
135.0	0.02133333333333334
136.0	0.021666666666666674
137.0	0.02133333333333334
138.0	0.020666666666666673
139.0	0.020000000000000007
140.0	0.020000000000000007
141.0	0.020000000000000007
142.0	0.020000000000000007
143.0	0.020000000000000007
144.0	0.019333333333333338
145.0	0.019333333333333338
146.0	0.01866666666666667
147.0	0.019000000000000006
148.0	0.019000000000000006
149.0	0.019333333333333338
150.0	0.019000000000000006
151.0	0.018333333333333337
152.0	0.018333333333333337
153.0	0.018333333333333337
154.0	0.019333333333333338
155.0	0.018333333333333337
156.0	0.018333333333333337
157.0	0.018333333333333337
158.0	0.018000000000000006
159.0	0.018333333333333337
160.0	0.019000000000000006
161.0	0.019000000000000006
162.0	0.01866666666666667
163.0	0.018333333333333337
164.0	0.01766666666666667
165.0	0.018000000000000006
166.0	0.01766666666666667
167.0	0.017333333333333336
168.0	0.017333333333333336
169.0	0.017333333333333336
170.0	0.01633333333333334
171.0	0.016000000000000004
172.0	0.016000000000000004
173.0	0.016000000000000004
174.0	0.016000000000000004
175.0	0.016333333333333335
176.0	0.01666666666666667
177.0	0.017333333333333336
178.0	0.017333333333333336
179.0	0.017000000000000005
180.0	0.017333333333333336
181.0	0.017000000000000005
182.0	0.016000000000000004
183.0	0.016000000000000004
184.0	0.016000000000000004
185.0	0.016000000000000004
186.0	0.016000000000000004
187.0	0.016000000000000004
188.0	0.01666666666666667
189.0	0.016000000000000004
190.0	0.015333333333333336
191.0	0.016333333333333335
192.0	0.016333333333333335
193.0	0.016333333333333335
194.0	0.016333333333333335
195.0	0.016000000000000004
196.0	0.017000000000000005
197.0	0.017000000000000005
198.0	0.017000000000000005
199.0	0.017000000000000005
200.0	0.018000000000000006
201.0	0.018333333333333337
202.0	0.018333333333333337
203.0	0.01866666666666667
204.0	0.019000000000000006
205.0	0.01866666666666667
206.0	0.018333333333333337
207.0	0.01766666666666667
208.0	0.01766666666666667
209.0	0.01766666666666667
210.0	0.017000000000000005
211.0	0.01766666666666667
212.0	0.018000000000000006
213.0	0.018000000000000006
214.0	0.017000000000000005
215.0	0.017000000000000005
216.0	0.017333333333333336
217.0	0.017333333333333336
218.0	0.01666666666666667
219.0	0.017333333333333336
220.0	0.018000000000000006
221.0	0.017000000000000005
222.0	0.017000000000000005
223.0	0.017000000000000005
224.0	0.01766666666666667
225.0	0.01766666666666667
226.0	0.017000000000000005
227.0	0.017000000000000005
228.0	0.01766666666666667
229.0	0.01766666666666667
230.0	0.017000000000000005
231.0	0.017000000000000005
232.0	0.018000000000000006
233.0	0.017333333333333336
234.0	0.01766666666666667
235.0	0.018333333333333337
236.0	0.019000000000000006
237.0	0.019000000000000006
238.0	0.019333333333333338
239.0	0.019666666666666673
240.0	0.019333333333333338
241.0	0.01866666666666667
242.0	0.01866666666666667
243.0	0.019333333333333338
244.0	0.02033333333333334
245.0	0.020666666666666673
246.0	0.021000000000000008
247.0	0.021666666666666674
248.0	0.021666666666666674
249.0	0.021000000000000008
250.0	0.02033333333333334
251.0	0.02033333333333334
252.0	0.02033333333333334
253.0	0.02033333333333334
254.0	0.019666666666666673
255.0	0.020000000000000007
256.0	0.020666666666666673
257.0	0.020666666666666673
258.0	0.020666666666666673
259.0	0.020666666666666673
260.0	0.02033333333333334
261.0	0.019333333333333338
262.0	0.01866666666666667
263.0	0.01866666666666667
264.0	0.01866666666666667
265.0	0.019000000000000006
266.0	0.018333333333333337
267.0	0.018333333333333337
268.0	0.018333333333333337
269.0	0.019000000000000006
270.0	0.019000000000000006
271.0	0.019000000000000006
272.0	0.01866666666666667
273.0	0.018000000000000006
274.0	0.017000000000000005
275.0	0.01766666666666667
276.0	0.017000000000000005
277.0	0.017333333333333336
278.0	0.018333333333333337
279.0	0.018333333333333337
280.0	0.018333333333333337
281.0	0.01866666666666667
282.0	0.01866666666666667
283.0	0.019666666666666673
284.0	0.019666666666666673
285.0	0.020000000000000007
286.0	0.019000000000000006
287.0	0.019000000000000006
288.0	0.018333333333333337
289.0	0.018333333333333337
290.0	0.01866666666666667
291.0	0.01866666666666667
292.0	0.018333333333333337
293.0	0.019000000000000006
294.0	0.01866666666666667
295.0	0.018333333333333337
296.0	0.019333333333333338
297.0	0.02033333333333334
298.0	0.020000000000000007
299.0	0.019000000000000006
300.0	0.019000000000000006
301.0	0.019000000000000006
302.0	0.019000000000000006
303.0	0.019333333333333338
304.0	0.019333333333333338
305.0	0.019000000000000006
306.0	0.019000000000000006
307.0	0.019000000000000006
308.0	0.01866666666666667
309.0	0.01866666666666667
310.0	0.019000000000000006
311.0	0.019000000000000006
312.0	0.019000000000000006
313.0	0.018333333333333337
314.0	0.01866666666666667
315.0	0.018333333333333337
316.0	0.01866666666666667
317.0	0.01866666666666667
318.0	0.019000000000000006
319.0	0.020000000000000007
320.0	0.019666666666666673
321.0	0.019666666666666673
322.0	0.019666666666666673
323.0	0.019333333333333338
324.0	0.019000000000000006
325.0	0.019000000000000006
326.0	0.019000000000000006
327.0	0.018333333333333337
328.0	0.01866666666666667
329.0	0.01866666666666667
330.0	0.01866666666666667
331.0	0.01866666666666667
332.0	0.01866666666666667
333.0	0.01866666666666667
334.0	0.019666666666666673
335.0	0.019000000000000006
336.0	0.019333333333333338
337.0	0.019000000000000006
338.0	0.018333333333333337
339.0	0.018333333333333337
340.0	0.018000000000000006
341.0	0.018333333333333337
342.0	0.018333333333333337
343.0	0.018333333333333337
344.0	0.018000000000000006
345.0	0.01766666666666667
346.0	0.017333333333333336
347.0	0.018000000000000006
348.0	0.01866666666666667
349.0	0.01766666666666667
350.0	0.018333333333333337
351.0	0.018333333333333337
352.0	0.019000000000000006
353.0	0.01866666666666667
354.0	0.01866666666666667
355.0	0.01866666666666667
356.0	0.01766666666666667
357.0	0.018000000000000006
358.0	0.01766666666666667
359.0	0.01866666666666667
360.0	0.01866666666666667
361.0	0.01866666666666667
362.0	0.01866666666666667
363.0	0.019333333333333338
364.0	0.018333333333333337
365.0	0.018333333333333337
366.0	0.019000000000000006
367.0	0.018333333333333337
368.0	0.019000000000000006
369.0	0.020000000000000007
370.0	0.020000000000000007
371.0	0.019333333333333338
372.0	0.02033333333333334
373.0	0.02033333333333334
374.0	0.020666666666666673
375.0	0.020666666666666673
376.0	0.02133333333333334
377.0	0.02133333333333334
378.0	0.02033333333333334
379.0	0.02033333333333334
380.0	0.02033333333333334
381.0	0.02033333333333334
382.0	0.020000000000000007
383.0	0.020000000000000007
384.0	0.020000000000000007
385.0	0.019666666666666673
386.0	0.019666666666666673
387.0	0.019333333333333338
388.0	0.019333333333333338
389.0	0.019000000000000006
390.0	0.019333333333333338
391.0	0.020000000000000007
392.0	0.020000000000000007
393.0	0.019000000000000006
394.0	0.020000000000000007
395.0	0.020000000000000007
396.0	0.019000000000000006
397.0	0.019000000000000006
398.0	0.018333333333333337
399.0	0.017333333333333336
400.0	0.017333333333333336
401.0	0.017333333333333336
402.0	0.017000000000000005
403.0	0.01666666666666667
404.0	0.017000000000000005
405.0	0.017000000000000005
406.0	0.01666666666666667
407.0	0.016333333333333335
408.0	0.016333333333333335
409.0	0.01666666666666667
410.0	0.016000000000000004
411.0	0.016000000000000004
412.0	0.01666666666666667
413.0	0.01666666666666667
414.0	0.01666666666666667
415.0	0.016333333333333335
416.0	0.01666666666666667
417.0	0.017333333333333336
418.0	0.017333333333333336
419.0	0.01666666666666667
420.0	0.016333333333333335
421.0	0.016333333333333335
422.0	0.016333333333333335
423.0	0.01666666666666667
424.0	0.016000000000000004
425.0	0.016000000000000004
426.0	0.016333333333333335
427.0	0.016333333333333335
428.0	0.017333333333333336
429.0	0.018333333333333337
430.0	0.018333333333333337
431.0	0.018333333333333337
432.0	0.018333333333333337
433.0	0.018000000000000006
434.0	0.017333333333333336
435.0	0.018333333333333337
436.0	0.018000000000000006
437.0	0.01766666666666667
438.0	0.01766666666666667
439.0	0.017333333333333336
440.0	0.017333333333333336
441.0	0.018000000000000006
442.0	0.017000000000000005
443.0	0.017000000000000005
444.0	0.017000000000000005
445.0	0.018000000000000006
446.0	0.01766666666666667
447.0	0.01766666666666667
448.0	0.01766666666666667
449.0	0.018333333333333337
450.0	0.018333333333333337
451.0	0.018333333333333337
452.0	0.018333333333333337
453.0	0.018000000000000006
454.0	0.018333333333333337
455.0	0.018333333333333337
456.0	0.018000000000000006
457.0	0.018000000000000006
458.0	0.017333333333333336
459.0	0.01633333333333334
460.0	0.017333333333333336
461.0	0.017333333333333336
462.0	0.017000000000000005
463.0	0.018333333333333337
464.0	0.019000000000000006
465.0	0.018333333333333337
466.0	0.018333333333333337
467.0	0.019000000000000006
468.0	0.019000000000000006
469.0	0.020000000000000007
470.0	0.020000000000000007
471.0	0.019333333333333338
472.0	0.020000000000000007
473.0	0.021000000000000008
474.0	0.02200000000000001
475.0	0.021000000000000008
476.0	0.021666666666666674
477.0	0.020666666666666673
478.0	0.020666666666666673
479.0	0.020666666666666673
480.0	0.020666666666666673
481.0	0.020000000000000007
482.0	0.020000000000000007
483.0	0.02033333333333334
484.0	0.019666666666666673
485.0	0.020000000000000007
486.0	0.021000000000000008
487.0	0.02133333333333334
488.0	0.021000000000000008
489.0	0.021000000000000008
490.0	0.019666666666666673
491.0	0.019666666666666673
492.0	0.019333333333333338
493.0	0.018333333333333337
494.0	0.01766666666666667
495.0	0.017333333333333336
496.0	0.017333333333333336
497.0	0.01666666666666667
498.0	0.017000000000000005
499.0	0.016000000000000004
500.0	0.016000000000000004
501.0	0.016000000000000004
502.0	0.01533333333333334
503.0	0.01433333333333334
504.0	0.013666666666666676
505.0	0.013666666666666676
506.0	0.013000000000000008
507.0	0.013000000000000008
508.0	0.013000000000000008
509.0	0.013333333333333341
510.0	0.013333333333333341
511.0	0.013333333333333341
512.0	0.014000000000000009
513.0	0.014666666666666673
514.0	0.01533333333333334
515.0	0.016000000000000007
516.0	0.015666666666666676
517.0	0.015666666666666676
518.0	0.015666666666666676
519.0	0.016333333333333342
520.0	0.016666666666666673
521.0	0.017333333333333343
522.0	0.017333333333333343
523.0	0.017333333333333343
524.0	0.018333333333333344
525.0	0.018333333333333344
526.0	0.018333333333333344
527.0	0.018333333333333344
528.0	0.018333333333333344
529.0	0.018666666666666675
530.0	0.01900000000000001
531.0	0.01900000000000001
532.0	0.019666666666666676
533.0	0.02000000000000001
534.0	0.020666666666666677
535.0	0.020666666666666677
536.0	0.020666666666666677
537.0	0.020666666666666677
538.0	0.020333333333333346
539.0	0.019333333333333345
540.0	0.019333333333333345
541.0	0.019333333333333345
542.0	0.019333333333333345
543.0	0.018666666666666675
544.0	0.01800000000000001
545.0	0.017333333333333343
546.0	0.016666666666666673
547.0	0.016333333333333342
548.0	0.017000000000000008
549.0	0.016333333333333342
550.0	0.017333333333333343
551.0	0.016666666666666673
552.0	0.016333333333333342
553.0	0.016333333333333342
554.0	0.015333333333333341
555.0	0.015666666666666676
556.0	0.015666666666666676
557.0	0.015666666666666676
558.0	0.015333333333333341
559.0	0.015333333333333341
560.0	0.015000000000000008
561.0	0.015000000000000008
562.0	0.014333333333333342
563.0	0.014000000000000009
564.0	0.013666666666666678
565.0	0.013666666666666678
566.0	0.01400000000000001
567.0	0.01400000000000001
568.0	0.014333333333333344
569.0	0.014333333333333344
570.0	0.014333333333333344
571.0	0.01500000000000001
572.0	0.014333333333333342
573.0	0.014000000000000009
574.0	0.015000000000000008
575.0	0.015000000000000008
576.0	0.015666666666666672
577.0	0.016000000000000007
578.0	0.01533333333333334
579.0	0.016000000000000007
580.0	0.015000000000000008
581.0	0.015000000000000008
582.0	0.015333333333333341
583.0	0.015666666666666676
584.0	0.016666666666666673
585.0	0.016333333333333342
586.0	0.016666666666666673
587.0	0.016666666666666673
588.0	0.017000000000000008
589.0	0.017666666666666674
590.0	0.017666666666666674
591.0	0.017666666666666674
592.0	0.017666666666666674
593.0	0.017666666666666674
594.0	0.017666666666666674
595.0	0.01800000000000001
596.0	0.018333333333333344
597.0	0.018333333333333344
598.0	0.018666666666666675
599.0	0.018666666666666675
600.0	0.019333333333333345
601.0	0.019333333333333345
602.0	0.02000000000000001
603.0	0.02000000000000001
604.0	0.019666666666666676
605.0	0.019333333333333345
606.0	0.018666666666666675
607.0	0.018333333333333344
608.0	0.018333333333333344
609.0	0.017666666666666674
610.0	0.01800000000000001
611.0	0.01800000000000001
612.0	0.01800000000000001
613.0	0.017666666666666674
614.0	0.016666666666666673
615.0	0.017333333333333343
616.0	0.017000000000000008
617.0	0.017000000000000008
618.0	0.016666666666666673
619.0	0.015333333333333341
620.0	0.016000000000000007
621.0	0.016666666666666673
622.0	0.017666666666666674
623.0	0.017666666666666674
624.0	0.017000000000000008
625.0	0.016666666666666673
626.0	0.016000000000000007
627.0	0.017000000000000008
628.0	0.017666666666666674
629.0	0.017666666666666674
630.0	0.017666666666666674
631.0	0.01800000000000001
632.0	0.018333333333333344
633.0	0.019333333333333345
634.0	0.018666666666666675
635.0	0.019666666666666676
636.0	0.020666666666666677
637.0	0.020666666666666677
638.0	0.02100000000000001
639.0	0.02100000000000001
640.0	0.021333333333333346
641.0	0.021333333333333346
642.0	0.021666666666666678
643.0	0.021666666666666678
644.0	0.022333333333333347
645.0	0.022000000000000013
646.0	0.022000000000000013
647.0	0.022000000000000013
648.0	0.02266666666666668
649.0	0.023000000000000013
650.0	0.022333333333333347
651.0	0.021666666666666678
652.0	0.02100000000000001
653.0	0.021333333333333346
654.0	0.022333333333333347
655.0	0.022333333333333347
656.0	0.022333333333333347
657.0	0.021666666666666678
658.0	0.021666666666666678
659.0	0.022000000000000013
660.0	0.021333333333333346
661.0	0.021333333333333346
662.0	0.02100000000000001
663.0	0.02000000000000001
664.0	0.02000000000000001
665.0	0.02000000000000001
666.0	0.02000000000000001
667.0	0.020666666666666677
668.0	0.020666666666666677
669.0	0.020666666666666677
670.0	0.020333333333333346
671.0	0.020333333333333346
672.0	0.02000000000000001
673.0	0.02100000000000001
674.0	0.02100000000000001
675.0	0.020666666666666677
676.0	0.021666666666666678
677.0	0.021666666666666678
678.0	0.021666666666666678
679.0	0.021666666666666678
680.0	0.021666666666666678
681.0	0.021666666666666678
682.0	0.022333333333333347
683.0	0.022000000000000013
684.0	0.021333333333333346
685.0	0.021333333333333346
686.0	0.022000000000000013
687.0	0.021666666666666678
688.0	0.020666666666666677
689.0	0.020333333333333346
690.0	0.02100000000000001
691.0	0.02000000000000001
692.0	0.019666666666666676
693.0	0.020333333333333346
694.0	0.020666666666666677
695.0	0.020333333333333346
696.0	0.020333333333333346
697.0	0.020333333333333346
698.0	0.020333333333333346
699.0	0.020333333333333346
700.0	0.02000000000000001
701.0	0.02000000000000001
702.0	0.02000000000000001
703.0	0.01900000000000001
704.0	0.018333333333333344
705.0	0.018333333333333344
706.0	0.01800000000000001
707.0	0.01800000000000001
708.0	0.01800000000000001
709.0	0.018333333333333344
710.0	0.018333333333333344
711.0	0.018666666666666675
712.0	0.018333333333333344
713.0	0.018666666666666675
714.0	0.018333333333333344
715.0	0.018666666666666675
716.0	0.01800000000000001
717.0	0.01800000000000001
718.0	0.01800000000000001
719.0	0.01800000000000001
720.0	0.017333333333333343
721.0	0.017333333333333343
722.0	0.017000000000000008
723.0	0.016666666666666673
724.0	0.016333333333333342
725.0	0.015666666666666672
726.0	0.015666666666666676
727.0	0.01500000000000001
728.0	0.015333333333333343
729.0	0.015333333333333343
730.0	0.015333333333333343
731.0	0.015333333333333343
732.0	0.015333333333333343
733.0	0.015333333333333343
734.0	0.015333333333333343
735.0	0.016333333333333346
736.0	0.015666666666666676
737.0	0.01600000000000001
738.0	0.01600000000000001
739.0	0.016333333333333346
740.0	0.016333333333333346
741.0	0.016666666666666677
742.0	0.016666666666666677
743.0	0.016333333333333346
744.0	0.016333333333333346
745.0	0.016666666666666677
746.0	0.016666666666666677
747.0	0.01700000000000001
748.0	0.01700000000000001
749.0	0.017333333333333346
750.0	0.017333333333333346
751.0	0.017333333333333346
752.0	0.017333333333333346
753.0	0.018000000000000013
754.0	0.018333333333333347
755.0	0.018333333333333347
756.0	0.017333333333333346
757.0	0.017333333333333346
758.0	0.016666666666666677
759.0	0.016666666666666677
760.0	0.01700000000000001
761.0	0.018000000000000013
762.0	0.018000000000000013
763.0	0.018000000000000013
764.0	0.018333333333333347
765.0	0.017666666666666678
766.0	0.017666666666666678
767.0	0.018000000000000013
768.0	0.017333333333333346
769.0	0.016666666666666677
770.0	0.016666666666666677
771.0	0.01600000000000001
772.0	0.015666666666666676
773.0	0.015666666666666676
774.0	0.015666666666666676
775.0	0.015666666666666676
776.0	0.015666666666666676
777.0	0.01500000000000001
778.0	0.015666666666666676
779.0	0.015333333333333343
780.0	0.015333333333333343
781.0	0.015333333333333343
782.0	0.015333333333333343
783.0	0.014333333333333344
784.0	0.014666666666666677
785.0	0.015333333333333343
786.0	0.01600000000000001
787.0	0.016333333333333346
788.0	0.016333333333333346
789.0	0.016333333333333346
790.0	0.01600000000000001
791.0	0.015000000000000012
792.0	0.015333333333333345
793.0	0.016333333333333346
794.0	0.01600000000000001
795.0	0.016333333333333346
796.0	0.016333333333333346
797.0	0.01600000000000001
798.0	0.01700000000000001
799.0	0.017333333333333346
800.0	0.018333333333333347
801.0	0.018333333333333347
802.0	0.018333333333333347
803.0	0.018333333333333347
804.0	0.018333333333333347
805.0	0.01866666666666668
806.0	0.01866666666666668
807.0	0.019000000000000013
808.0	0.018333333333333347
809.0	0.019000000000000013
810.0	0.020000000000000014
811.0	0.021000000000000015
812.0	0.021000000000000015
813.0	0.021000000000000015
814.0	0.02066666666666668
815.0	0.02033333333333335
816.0	0.01966666666666668
817.0	0.019333333333333348
818.0	0.01966666666666668
819.0	0.01966666666666668
820.0	0.020000000000000014
821.0	0.02033333333333335
822.0	0.020000000000000014
823.0	0.01966666666666668
824.0	0.01966666666666668
825.0	0.019000000000000013
826.0	0.019000000000000013
827.0	0.01866666666666668
828.0	0.017666666666666678
829.0	0.017333333333333346
830.0	0.016333333333333346
831.0	0.016666666666666677
832.0	0.016666666666666677
833.0	0.017333333333333346
834.0	0.018000000000000013
835.0	0.01700000000000001
836.0	0.01700000000000001
837.0	0.01700000000000001
838.0	0.01700000000000001
839.0	0.016666666666666677
840.0	0.016333333333333346
841.0	0.015333333333333345
842.0	0.01566666666666668
843.0	0.01566666666666668
844.0	0.016333333333333346
845.0	0.01600000000000001
846.0	0.016333333333333346
847.0	0.01700000000000001
848.0	0.016666666666666677
849.0	0.016666666666666677
850.0	0.016333333333333346
851.0	0.016666666666666677
852.0	0.016666666666666677
853.0	0.01600000000000001
854.0	0.01700000000000001
855.0	0.017333333333333346
856.0	0.018000000000000013
857.0	0.018000000000000013
858.0	0.018000000000000013
859.0	0.018000000000000013
860.0	0.019000000000000013
861.0	0.01866666666666668
862.0	0.019000000000000013
863.0	0.019333333333333348
864.0	0.019000000000000013
865.0	0.019000000000000013
866.0	0.019000000000000013
867.0	0.01966666666666668
868.0	0.01966666666666668
869.0	0.01966666666666668
870.0	0.01966666666666668
871.0	0.02033333333333335
872.0	0.020000000000000014
873.0	0.02033333333333335
874.0	0.01966666666666668
875.0	0.02066666666666668
876.0	0.02033333333333335
877.0	0.01966666666666668
878.0	0.020000000000000014
879.0	0.020000000000000014
880.0	0.020000000000000014
881.0	0.019333333333333348
882.0	0.020000000000000014
883.0	0.020000000000000014
884.0	0.019000000000000013
885.0	0.019000000000000013
886.0	0.018333333333333347
887.0	0.018333333333333347
888.0	0.019333333333333348
889.0	0.019333333333333348
890.0	0.018333333333333347
891.0	0.01866666666666668
892.0	0.018000000000000013
893.0	0.01700000000000001
894.0	0.016333333333333346
895.0	0.016333333333333346
896.0	0.016666666666666677
897.0	0.01600000000000001
898.0	0.01600000000000001
899.0	0.01600000000000001
900.0	0.015333333333333343
901.0	0.014666666666666677
902.0	0.015666666666666676
903.0	0.016333333333333342
904.0	0.016000000000000007
905.0	0.015666666666666676
906.0	0.015666666666666676
907.0	0.016000000000000007
908.0	0.015666666666666676
909.0	0.015666666666666676
910.0	0.016000000000000007
911.0	0.016000000000000007
912.0	0.015666666666666672
913.0	0.016333333333333342
914.0	0.016333333333333342
915.0	0.016666666666666673
916.0	0.017000000000000008
917.0	0.017000000000000008
918.0	0.016000000000000007
919.0	0.016000000000000007
920.0	0.017000000000000008
921.0	0.017666666666666674
922.0	0.018333333333333344
923.0	0.018333333333333344
924.0	0.01900000000000001
925.0	0.019666666666666676
926.0	0.019666666666666676
927.0	0.019666666666666676
928.0	0.019666666666666676
929.0	0.019666666666666676
930.0	0.020333333333333346
931.0	0.02100000000000001
932.0	0.02000000000000001
933.0	0.01900000000000001
934.0	0.019333333333333345
935.0	0.01900000000000001
936.0	0.02000000000000001
937.0	0.020666666666666677
938.0	0.020333333333333346
939.0	0.020666666666666677
940.0	0.020666666666666677
941.0	0.021666666666666678
942.0	0.022000000000000013
943.0	0.021333333333333346
944.0	0.021333333333333346
945.0	0.020666666666666677
946.0	0.020666666666666677
947.0	0.02100000000000001
948.0	0.02100000000000001
949.0	0.021333333333333346
950.0	0.020333333333333346
951.0	0.019333333333333345
952.0	0.018666666666666675
953.0	0.019666666666666676
954.0	0.019333333333333345
955.0	0.01900000000000001
956.0	0.019666666666666676
957.0	0.019666666666666676
958.0	0.019666666666666676
959.0	0.019333333333333345
960.0	0.018666666666666675
961.0	0.018333333333333344
962.0	0.018666666666666675
963.0	0.019333333333333345
964.0	0.01900000000000001
965.0	0.018666666666666675
966.0	0.017666666666666674
967.0	0.017000000000000008
968.0	0.017333333333333343
969.0	0.016666666666666673
970.0	0.016333333333333342
971.0	0.016000000000000007
972.0	0.015666666666666672
973.0	0.015666666666666672
974.0	0.015666666666666672
975.0	0.015666666666666672
976.0	0.015666666666666672
977.0	0.015666666666666672
978.0	0.015666666666666672
979.0	0.01533333333333334
980.0	0.016333333333333342
981.0	0.017000000000000008
982.0	0.01800000000000001
983.0	0.017000000000000008
984.0	0.017666666666666674
985.0	0.018333333333333344
986.0	0.017333333333333343
987.0	0.01800000000000001
988.0	0.01800000000000001
989.0	0.018333333333333344
990.0	0.01900000000000001
991.0	0.01900000000000001
992.0	0.019666666666666676
993.0	0.01900000000000001
994.0	0.019333333333333345
995.0	0.019666666666666676
996.0	0.019666666666666676
997.0	0.019333333333333345
998.0	0.019333333333333345
999.0	0.02000000000000001
1000.0	0.02000000000000001
1001.0	0.019666666666666676
1002.0	0.019333333333333345
1003.0	0.019666666666666676
1004.0	0.019666666666666676
1005.0	0.019666666666666676
1006.0	0.02000000000000001
1007.0	0.019666666666666676
1008.0	0.02000000000000001
1009.0	0.020333333333333346
1010.0	0.019333333333333345
1011.0	0.01900000000000001
1012.0	0.01800000000000001
1013.0	0.01900000000000001
1014.0	0.01800000000000001
1015.0	0.017333333333333343
1016.0	0.017333333333333343
1017.0	0.017000000000000008
1018.0	0.017666666666666674
1019.0	0.01800000000000001
1020.0	0.017333333333333343
1021.0	0.017000000000000008
1022.0	0.016000000000000007
1023.0	0.016000000000000007
1024.0	0.016000000000000007
1025.0	0.01533333333333334
1026.0	0.015000000000000006
1027.0	0.015000000000000006
1028.0	0.015000000000000006
1029.0	0.014666666666666672
1030.0	0.01533333333333334
1031.0	0.015000000000000006
1032.0	0.015000000000000006
1033.0	0.015666666666666672
1034.0	0.016000000000000004
1035.0	0.016000000000000004
1036.0	0.01533333333333334
1037.0	0.01533333333333334
1038.0	0.015000000000000006
1039.0	0.014666666666666672
1040.0	0.01533333333333334
1041.0	0.016000000000000007
1042.0	0.016333333333333342
1043.0	0.015333333333333341
1044.0	0.015666666666666676
1045.0	0.016000000000000007
1046.0	0.016666666666666673
1047.0	0.016333333333333342
1048.0	0.016666666666666673
1049.0	0.015666666666666672
1050.0	0.016666666666666673
1051.0	0.016666666666666673
1052.0	0.017333333333333343
1053.0	0.017333333333333343
1054.0	0.017333333333333343
1055.0	0.017333333333333343
1056.0	0.01800000000000001
1057.0	0.01900000000000001
1058.0	0.01900000000000001
1059.0	0.01900000000000001
1060.0	0.01900000000000001
1061.0	0.01900000000000001
1062.0	0.019666666666666676
1063.0	0.018666666666666675
1064.0	0.018333333333333344
1065.0	0.018333333333333344
1066.0	0.018666666666666675
1067.0	0.019333333333333345
1068.0	0.019333333333333345
1069.0	0.020333333333333346
1070.0	0.02000000000000001
1071.0	0.019666666666666676
1072.0	0.019333333333333345
1073.0	0.019666666666666676
1074.0	0.019666666666666676
1075.0	0.02000000000000001
1076.0	0.019333333333333345
1077.0	0.019666666666666676
1078.0	0.019333333333333345
1079.0	0.019666666666666676
1080.0	0.018666666666666675
1081.0	0.018666666666666675
1082.0	0.01800000000000001
1083.0	0.01800000000000001
1084.0	0.017666666666666674
1085.0	0.01800000000000001
1086.0	0.017666666666666674
1087.0	0.017000000000000008
1088.0	0.016666666666666673
1089.0	0.017333333333333343
1090.0	0.017000000000000008
1091.0	0.01800000000000001
1092.0	0.017333333333333343
1093.0	0.017333333333333343
1094.0	0.018333333333333344
1095.0	0.019333333333333345
1096.0	0.01900000000000001
1097.0	0.018333333333333344
1098.0	0.01900000000000001
1099.0	0.018333333333333344
1100.0	0.01800000000000001
1101.0	0.017333333333333343
1102.0	0.017333333333333343
1103.0	0.017666666666666674
1104.0	0.017666666666666674
1105.0	0.016666666666666673
1106.0	0.017333333333333343
1107.0	0.017000000000000008
1108.0	0.017333333333333343
1109.0	0.017000000000000008
1110.0	0.017333333333333343
1111.0	0.017333333333333343
1112.0	0.018333333333333344
1113.0	0.019333333333333345
1114.0	0.019333333333333345
1115.0	0.019333333333333345
1116.0	0.019666666666666676
1117.0	0.019333333333333345
1118.0	0.019666666666666676
1119.0	0.01900000000000001
1120.0	0.019333333333333345
1121.0	0.018333333333333344
1122.0	0.018666666666666675
1123.0	0.018666666666666675
1124.0	0.018666666666666675
1125.0	0.018666666666666675
1126.0	0.019333333333333345
1127.0	0.019333333333333345
1128.0	0.019333333333333345
1129.0	0.01900000000000001
1130.0	0.01900000000000001
1131.0	0.02000000000000001
1132.0	0.02000000000000001
1133.0	0.019333333333333345
1134.0	0.020333333333333346
1135.0	0.020333333333333346
1136.0	0.020333333333333346
1137.0	0.021333333333333346
1138.0	0.020333333333333346
1139.0	0.020666666666666677
1140.0	0.02100000000000001
1141.0	0.02100000000000001
1142.0	0.02100000000000001
1143.0	0.02000000000000001
1144.0	0.02000000000000001
1145.0	0.020666666666666677
1146.0	0.021333333333333346
1147.0	0.021666666666666678
1148.0	0.021666666666666678
1149.0	0.022333333333333347
1150.0	0.021666666666666678
1151.0	0.021666666666666678
1152.0	0.021333333333333346
1153.0	0.021333333333333346
1154.0	0.020333333333333346
1155.0	0.019333333333333345
1156.0	0.018666666666666675
1157.0	0.019666666666666676
1158.0	0.019666666666666676
1159.0	0.019666666666666676
1160.0	0.019666666666666676
1161.0	0.01900000000000001
1162.0	0.01900000000000001
1163.0	0.01900000000000001
1164.0	0.017666666666666674
1165.0	0.017666666666666674
1166.0	0.017000000000000008
1167.0	0.016333333333333342
1168.0	0.017000000000000008
1169.0	0.017000000000000008
1170.0	0.016666666666666673
1171.0	0.017000000000000008
1172.0	0.017000000000000008
1173.0	0.017666666666666674
1174.0	0.018333333333333344
1175.0	0.018666666666666675
1176.0	0.017666666666666674
1177.0	0.017333333333333343
1178.0	0.017333333333333343
1179.0	0.016666666666666673
1180.0	0.017666666666666674
1181.0	0.018333333333333344
1182.0	0.018333333333333344
1183.0	0.018666666666666675
1184.0	0.018666666666666675
1185.0	0.018666666666666675
1186.0	0.018666666666666675
1187.0	0.018333333333333344
1188.0	0.018333333333333344
1189.0	0.018333333333333344
1190.0	0.01900000000000001
1191.0	0.01900000000000001
1192.0	0.02000000000000001
1193.0	0.02000000000000001
1194.0	0.02100000000000001
1195.0	0.02100000000000001
1196.0	0.02100000000000001
1197.0	0.020666666666666677
1198.0	0.02000000000000001
1199.0	0.020333333333333346
1200.0	0.020666666666666677
1201.0	0.020333333333333346
1202.0	0.019333333333333345
1203.0	0.018666666666666675
1204.0	0.01900000000000001
1205.0	0.018666666666666675
1206.0	0.019666666666666676
1207.0	0.020666666666666677
1208.0	0.020333333333333346
1209.0	0.020333333333333346
1210.0	0.019333333333333345
1211.0	0.018666666666666675
1212.0	0.01900000000000001
1213.0	0.018666666666666675
1214.0	0.019333333333333345
1215.0	0.019333333333333345
1216.0	0.019333333333333345
1217.0	0.019333333333333345
1218.0	0.019333333333333345
1219.0	0.019333333333333345
1220.0	0.018666666666666675
1221.0	0.018666666666666675
1222.0	0.01800000000000001
1223.0	0.018666666666666675
1224.0	0.01900000000000001
1225.0	0.02000000000000001
1226.0	0.02100000000000001
1227.0	0.021666666666666678
1228.0	0.021666666666666678
1229.0	0.021666666666666678
1230.0	0.02100000000000001
1231.0	0.02100000000000001
1232.0	0.02100000000000001
1233.0	0.021666666666666678
1234.0	0.02100000000000001
1235.0	0.020333333333333346
1236.0	0.01900000000000001
1237.0	0.01900000000000001
1238.0	0.019333333333333345
1239.0	0.019666666666666676
1240.0	0.020666666666666677
1241.0	0.020666666666666677
1242.0	0.020666666666666677
1243.0	0.021333333333333346
1244.0	0.020666666666666677
1245.0	0.021333333333333346
1246.0	0.021666666666666678
1247.0	0.021333333333333346
1248.0	0.020666666666666677
1249.0	0.02100000000000001
1250.0	0.02100000000000001
1251.0	0.020666666666666677
1252.0	0.020333333333333346
1253.0	0.02000000000000001
1254.0	0.01900000000000001
1255.0	0.018666666666666675
1256.0	0.018666666666666675
1257.0	0.01800000000000001
1258.0	0.01900000000000001
1259.0	0.018333333333333344
1260.0	0.019333333333333345
1261.0	0.01900000000000001
1262.0	0.01900000000000001
1263.0	0.018333333333333344
1264.0	0.01800000000000001
1265.0	0.018333333333333344
1266.0	0.019666666666666676
1267.0	0.01900000000000001
1268.0	0.019666666666666676
1269.0	0.019333333333333345
1270.0	0.01900000000000001
1271.0	0.019333333333333345
1272.0	0.01900000000000001
1273.0	0.018333333333333344
1274.0	0.018333333333333344
1275.0	0.018333333333333344
1276.0	0.01800000000000001
1277.0	0.017666666666666674
1278.0	0.017666666666666674
1279.0	0.017333333333333343
1280.0	0.017666666666666674
1281.0	0.01800000000000001
1282.0	0.01800000000000001
1283.0	0.01800000000000001
1284.0	0.01800000000000001
1285.0	0.018333333333333344
1286.0	0.017333333333333343
1287.0	0.017000000000000008
1288.0	0.016666666666666673
1289.0	0.017000000000000008
1290.0	0.016000000000000007
1291.0	0.016333333333333342
1292.0	0.016666666666666673
1293.0	0.017333333333333343
1294.0	0.017333333333333343
1295.0	0.016666666666666673
1296.0	0.016000000000000007
1297.0	0.015666666666666676
1298.0	0.016000000000000007
1299.0	0.016000000000000007
1300.0	0.01533333333333334
1301.0	0.01533333333333334
1302.0	0.01533333333333334
1303.0	0.015666666666666672
1304.0	0.015666666666666672
1305.0	0.01533333333333334
1306.0	0.015666666666666672
1307.0	0.016000000000000007
1308.0	0.016666666666666673
1309.0	0.016666666666666673
1310.0	0.016666666666666673
1311.0	0.016666666666666673
1312.0	0.017000000000000008
1313.0	0.016666666666666673
1314.0	0.016666666666666673
1315.0	0.016666666666666673
1316.0	0.017333333333333343
1317.0	0.017333333333333343
1318.0	0.016666666666666673
1319.0	0.017333333333333343
1320.0	0.017333333333333343
1321.0	0.017666666666666674
1322.0	0.017333333333333343
1323.0	0.016666666666666673
1324.0	0.016666666666666673
1325.0	0.016666666666666673
1326.0	0.017000000000000008
1327.0	0.017333333333333343
1328.0	0.016333333333333342
1329.0	0.017000000000000008
1330.0	0.017000000000000008
1331.0	0.017666666666666674
1332.0	0.017666666666666674
1333.0	0.017000000000000008
1334.0	0.01800000000000001
1335.0	0.01800000000000001
1336.0	0.017666666666666674
1337.0	0.017333333333333343
1338.0	0.016666666666666673
1339.0	0.017666666666666674
1340.0	0.01800000000000001
1341.0	0.017666666666666674
1342.0	0.017333333333333343
1343.0	0.017333333333333343
1344.0	0.017666666666666674
1345.0	0.017666666666666674
1346.0	0.017000000000000008
1347.0	0.017333333333333343
1348.0	0.017333333333333343
1349.0	0.016333333333333342
1350.0	0.017000000000000008
1351.0	0.017666666666666674
1352.0	0.018666666666666675
1353.0	0.019666666666666676
1354.0	0.02000000000000001
1355.0	0.020333333333333346
1356.0	0.020666666666666677
1357.0	0.020333333333333346
1358.0	0.020333333333333346
1359.0	0.020666666666666677
1360.0	0.021666666666666678
1361.0	0.020666666666666677
1362.0	0.020666666666666677
1363.0	0.021666666666666678
1364.0	0.02100000000000001
1365.0	0.020666666666666677
1366.0	0.021666666666666678
1367.0	0.021666666666666678
1368.0	0.022333333333333347
1369.0	0.021333333333333346
1370.0	0.020666666666666677
1371.0	0.021333333333333346
1372.0	0.021333333333333346
1373.0	0.021666666666666678
1374.0	0.021666666666666678
1375.0	0.021666666666666678
1376.0	0.02266666666666668
1377.0	0.02266666666666668
1378.0	0.023000000000000013
1379.0	0.02433333333333335
1380.0	0.02366666666666668
1381.0	0.02266666666666668
1382.0	0.02266666666666668
1383.0	0.02266666666666668
1384.0	0.02266666666666668
1385.0	0.023000000000000013
1386.0	0.023000000000000013
1387.0	0.023000000000000013
1388.0	0.024000000000000014
1389.0	0.02333333333333335
1390.0	0.02333333333333335
1391.0	0.02333333333333335
1392.0	0.024000000000000014
1393.0	0.023000000000000013
1394.0	0.02266666666666668
1395.0	0.02266666666666668
1396.0	0.021666666666666678
1397.0	0.021666666666666678
1398.0	0.02100000000000001
1399.0	0.021333333333333346
1400.0	0.02100000000000001
1401.0	0.020333333333333346
1402.0	0.021333333333333346
1403.0	0.022000000000000013
1404.0	0.02266666666666668
1405.0	0.022333333333333347
1406.0	0.02100000000000001
1407.0	0.02100000000000001
1408.0	0.021666666666666678
1409.0	0.020666666666666677
1410.0	0.02100000000000001
1411.0	0.02100000000000001
1412.0	0.02000000000000001
1413.0	0.019333333333333345
1414.0	0.02000000000000001
1415.0	0.02000000000000001
1416.0	0.019333333333333345
1417.0	0.019333333333333345
1418.0	0.019333333333333345
1419.0	0.019666666666666676
1420.0	0.018333333333333344
1421.0	0.018666666666666675
1422.0	0.01800000000000001
1423.0	0.01800000000000001
1424.0	0.01800000000000001
1425.0	0.018333333333333344
1426.0	0.019333333333333345
1427.0	0.019666666666666676
1428.0	0.02000000000000001
1429.0	0.02000000000000001
1430.0	0.020333333333333346
1431.0	0.020333333333333346
1432.0	0.019666666666666676
1433.0	0.019333333333333345
1434.0	0.018333333333333344
1435.0	0.017666666666666674
1436.0	0.018666666666666675
1437.0	0.01900000000000001
1438.0	0.018333333333333344
1439.0	0.018333333333333344
1440.0	0.01800000000000001
1441.0	0.018333333333333344
1442.0	0.018333333333333344
1443.0	0.018666666666666675
1444.0	0.017666666666666674
1445.0	0.017333333333333343
1446.0	0.017333333333333343
1447.0	0.017333333333333343
1448.0	0.017333333333333343
1449.0	0.017333333333333343
1450.0	0.018333333333333344
1451.0	0.01800000000000001
1452.0	0.01800000000000001
1453.0	0.018333333333333344
1454.0	0.018333333333333344
1455.0	0.018333333333333344
1456.0	0.017333333333333343
1457.0	0.017000000000000008
1458.0	0.017666666666666674
1459.0	0.017000000000000008
1460.0	0.01800000000000001
1461.0	0.018333333333333344
1462.0	0.01800000000000001
1463.0	0.017000000000000008
1464.0	0.017666666666666674
1465.0	0.01800000000000001
1466.0	0.017333333333333343
1467.0	0.017000000000000008
1468.0	0.016666666666666673
1469.0	0.017000000000000008
1470.0	0.017666666666666674
1471.0	0.017000000000000008
1472.0	0.017666666666666674
1473.0	0.017000000000000008
1474.0	0.017000000000000008
1475.0	0.017000000000000008
1476.0	0.017000000000000008
1477.0	0.017333333333333343
1478.0	0.016666666666666673
1479.0	0.016666666666666673
1480.0	0.016666666666666673
1481.0	0.016666666666666673
1482.0	0.016666666666666673
1483.0	0.016666666666666673
1484.0	0.017000000000000008
1485.0	0.016666666666666673
1486.0	0.017000000000000008
1487.0	0.017333333333333343
1488.0	0.016000000000000007
1489.0	0.016333333333333342
1490.0	0.016333333333333342
1491.0	0.016000000000000007
1492.0	0.016000000000000007
1493.0	0.016333333333333342
1494.0	0.015666666666666672
1495.0	0.01533333333333334
1496.0	0.015000000000000006
1497.0	0.016000000000000004
1498.0	0.016333333333333335
1499.0	0.016000000000000004
1500.0	0.015333333333333336
1501.0	0.01566666666666667
1502.0	0.01566666666666667
1503.0	0.016333333333333335
1504.0	0.017333333333333336
1505.0	0.017333333333333336
1506.0	0.01766666666666667
1507.0	0.018333333333333337
1508.0	0.019000000000000006
1509.0	0.018333333333333337
1510.0	0.018333333333333337
1511.0	0.018333333333333337
1512.0	0.018333333333333337
1513.0	0.01866666666666667
1514.0	0.018333333333333337
1515.0	0.018333333333333337
1516.0	0.019000000000000006
1517.0	0.019666666666666673
1518.0	0.021000000000000008
1519.0	0.021000000000000008
1520.0	0.020000000000000007
1521.0	0.021000000000000008
1522.0	0.021000000000000008
1523.0	0.021000000000000008
1524.0	0.021000000000000008
1525.0	0.021000000000000008
1526.0	0.02133333333333334
1527.0	0.02033333333333334
1528.0	0.020000000000000007
1529.0	0.020666666666666673
1530.0	0.020666666666666673
1531.0	0.020666666666666673
1532.0	0.02033333333333334
1533.0	0.020000000000000007
1534.0	0.019333333333333338
1535.0	0.020000000000000007
1536.0	0.019333333333333338
1537.0	0.018000000000000006
1538.0	0.018000000000000006
1539.0	0.01766666666666667
1540.0	0.017000000000000005
1541.0	0.017333333333333336
1542.0	0.01766666666666667
1543.0	0.01766666666666667
1544.0	0.017333333333333336
1545.0	0.01766666666666667
1546.0	0.01766666666666667
1547.0	0.017000000000000005
1548.0	0.016000000000000004
1549.0	0.017000000000000005
1550.0	0.017000000000000005
1551.0	0.01633333333333334
1552.0	0.016333333333333335
1553.0	0.016333333333333335
1554.0	0.016333333333333335
1555.0	0.016333333333333335
1556.0	0.017000000000000005
1557.0	0.017000000000000005
1558.0	0.017333333333333336
1559.0	0.01666666666666667
1560.0	0.017000000000000005
1561.0	0.017000000000000005
1562.0	0.01666666666666667
1563.0	0.017000000000000005
1564.0	0.01666666666666667
1565.0	0.016000000000000004
1566.0	0.016000000000000004
1567.0	0.016333333333333335
1568.0	0.015666666666666672
1569.0	0.016000000000000004
1570.0	0.017000000000000005
1571.0	0.016333333333333335
1572.0	0.01566666666666667
1573.0	0.015333333333333336
1574.0	0.01666666666666667
1575.0	0.016333333333333335
1576.0	0.015000000000000005
1577.0	0.015000000000000005
1578.0	0.015000000000000005
1579.0	0.01366666666666667
1580.0	0.01366666666666667
1581.0	0.014333333333333337
1582.0	0.015000000000000003
1583.0	0.015000000000000003
1584.0	0.015000000000000003
1585.0	0.015000000000000003
1586.0	0.014333333333333335
1587.0	0.015000000000000003
1588.0	0.015000000000000003
1589.0	0.016
1590.0	0.01633333333333333
1591.0	0.01633333333333333
1592.0	0.016666666666666666
1593.0	0.016
1594.0	0.016
1595.0	0.017
1596.0	0.017666666666666667
1597.0	0.018000000000000002
1598.0	0.018000000000000002
1599.0	0.018000000000000002
1600.0	0.017
1601.0	0.017333333333333333
1602.0	0.017333333333333333
1603.0	0.017666666666666667
1604.0	0.016666666666666666
1605.0	0.017333333333333333
1606.0	0.017666666666666667
1607.0	0.017333333333333333
1608.0	0.017333333333333333
1609.0	0.017666666666666667
1610.0	0.017666666666666667
1611.0	0.016666666666666666
1612.0	0.015666666666666666
1613.0	0.015666666666666666
1614.0	0.015666666666666666
1615.0	0.015666666666666666
1616.0	0.015666666666666666
1617.0	0.014999999999999998
1618.0	0.014666666666666665
1619.0	0.013333333333333332
1620.0	0.013000000000000001
1621.0	0.012666666666666666
1622.0	0.012666666666666666
1623.0	0.012333333333333333
1624.0	0.013000000000000001
1625.0	0.012000000000000002
1626.0	0.012333333333333333
1627.0	0.013
1628.0	0.012666666666666665
1629.0	0.012666666666666665
1630.0	0.012666666666666665
1631.0	0.012666666666666665
1632.0	0.013666666666666664
1633.0	0.01333333333333333
1634.0	0.01333333333333333
1635.0	0.012666666666666663
1636.0	0.012999999999999996
1637.0	0.012999999999999996
1638.0	0.013666666666666664
1639.0	0.013999999999999997
1640.0	0.013999999999999997
1641.0	0.013666666666666664
1642.0	0.014666666666666665
1643.0	0.014666666666666665
1644.0	0.014333333333333332
1645.0	0.014666666666666665
1646.0	0.014999999999999998
1647.0	0.014999999999999998
1648.0	0.015666666666666666
1649.0	0.016666666666666666
1650.0	0.016666666666666666
1651.0	0.016666666666666666
1652.0	0.017
1653.0	0.017333333333333333
1654.0	0.017333333333333333
1655.0	0.017333333333333333
1656.0	0.016333333333333335
1657.0	0.015000000000000003
1658.0	0.016
1659.0	0.016
1660.0	0.01633333333333333
1661.0	0.01633333333333333
1662.0	0.016666666666666666
1663.0	0.016666666666666666
1664.0	0.017333333333333333
1665.0	0.017666666666666667
1666.0	0.017333333333333333
1667.0	0.017333333333333333
1668.0	0.016666666666666666
1669.0	0.017333333333333333
1670.0	0.018333333333333333
1671.0	0.01966666666666667
1672.0	0.019333333333333334
1673.0	0.019333333333333334
1674.0	0.01966666666666667
1675.0	0.020000000000000004
1676.0	0.02066666666666667
1677.0	0.02066666666666667
1678.0	0.02066666666666667
1679.0	0.020000000000000004
1680.0	0.019333333333333334
1681.0	0.020333333333333335
1682.0	0.020000000000000004
1683.0	0.020333333333333335
1684.0	0.020333333333333335
1685.0	0.020000000000000004
1686.0	0.020000000000000004
1687.0	0.021000000000000005
1688.0	0.02066666666666667
1689.0	0.02166666666666667
1690.0	0.022333333333333337
1691.0	0.023333333333333338
1692.0	0.023333333333333338
1693.0	0.024000000000000007
1694.0	0.023333333333333338
1695.0	0.023000000000000007
1696.0	0.024000000000000007
1697.0	0.02500000000000001
1698.0	0.02500000000000001
1699.0	0.024000000000000007
1700.0	0.024000000000000007
1701.0	0.023000000000000007
1702.0	0.022666666666666672
1703.0	0.022666666666666672
1704.0	0.023666666666666673
1705.0	0.022666666666666672
1706.0	0.021333333333333336
1707.0	0.021000000000000005
1708.0	0.021333333333333336
1709.0	0.021000000000000005
1710.0	0.021333333333333336
1711.0	0.02066666666666667
1712.0	0.021000000000000005
1713.0	0.02166666666666667
1714.0	0.021000000000000005
1715.0	0.021333333333333336
1716.0	0.022000000000000006
1717.0	0.021333333333333336
1718.0	0.021000000000000005
1719.0	0.020000000000000004
1720.0	0.019000000000000003
1721.0	0.018333333333333333
1722.0	0.018333333333333333
1723.0	0.017666666666666667
1724.0	0.018000000000000002
1725.0	0.018000000000000002
1726.0	0.017
1727.0	0.016333333333333335
1728.0	0.01633333333333333
1729.0	0.017
1730.0	0.016
1731.0	0.016
1732.0	0.016
1733.0	0.016
1734.0	0.014666666666666668
1735.0	0.015333333333333336
1736.0	0.01566666666666667
1737.0	0.016000000000000004
1738.0	0.015000000000000005
1739.0	0.015333333333333338
1740.0	0.015333333333333338
1741.0	0.016333333333333335
1742.0	0.01566666666666667
1743.0	0.01466666666666667
1744.0	0.014333333333333337
1745.0	0.01466666666666667
1746.0	0.014333333333333339
1747.0	0.014000000000000005
1748.0	0.013333333333333338
1749.0	0.013333333333333338
1750.0	0.01366666666666667
1751.0	0.013333333333333338
1752.0	0.012333333333333339
1753.0	0.012333333333333339
1754.0	0.012000000000000005
1755.0	0.01166666666666667
1756.0	0.01166666666666667
1757.0	0.011333333333333338
1758.0	0.01166666666666667
1759.0	0.01133333333333334
1760.0	0.012000000000000007
1761.0	0.01233333333333334
1762.0	0.01233333333333334
1763.0	0.012666666666666675
1764.0	0.012666666666666675
1765.0	0.01333333333333334
1766.0	0.013666666666666672
1767.0	0.014333333333333339
1768.0	0.015000000000000006
1769.0	0.015000000000000006
1770.0	0.015000000000000006
1771.0	0.014000000000000007
1772.0	0.014000000000000007
1773.0	0.013666666666666672
1774.0	0.01433333333333334
1775.0	0.014000000000000007
1776.0	0.01333333333333334
1777.0	0.014333333333333339
1778.0	0.01533333333333334
1779.0	0.016000000000000007
1780.0	0.015666666666666672
1781.0	0.01533333333333334
1782.0	0.01533333333333334
1783.0	0.01533333333333334
1784.0	0.016333333333333342
1785.0	0.016666666666666673
1786.0	0.017000000000000008
1787.0	0.017000000000000008
1788.0	0.017000000000000008
1789.0	0.017000000000000008
1790.0	0.017000000000000008
1791.0	0.016666666666666673
1792.0	0.017000000000000008
1793.0	0.017666666666666674
1794.0	0.01800000000000001
1795.0	0.017666666666666674
1796.0	0.017333333333333343
1797.0	0.016666666666666673
1798.0	0.016000000000000007
1799.0	0.015666666666666672
1800.0	0.015666666666666672
1801.0	0.016666666666666673
1802.0	0.016666666666666673
1803.0	0.016666666666666673
1804.0	0.016333333333333342
1805.0	0.016333333333333342
1806.0	0.017333333333333343
1807.0	0.017666666666666674
1808.0	0.017666666666666674
1809.0	0.017000000000000008
1810.0	0.017333333333333343
1811.0	0.01800000000000001
1812.0	0.01800000000000001
1813.0	0.01800000000000001
1814.0	0.017666666666666674
1815.0	0.018666666666666675
1816.0	0.018666666666666675
1817.0	0.018666666666666675
1818.0	0.018666666666666675
1819.0	0.018666666666666675
1820.0	0.018666666666666675
1821.0	0.019333333333333345
1822.0	0.019333333333333345
1823.0	0.018333333333333344
1824.0	0.018666666666666675
1825.0	0.018333333333333344
1826.0	0.018333333333333344
1827.0	0.018333333333333344
1828.0	0.018333333333333344
1829.0	0.019666666666666676
1830.0	0.020666666666666677
1831.0	0.02000000000000001
1832.0	0.02000000000000001
1833.0	0.020333333333333346
1834.0	0.021333333333333346
1835.0	0.022000000000000013
1836.0	0.021666666666666678
1837.0	0.02100000000000001
1838.0	0.020333333333333346
1839.0	0.02100000000000001
1840.0	0.020333333333333346
1841.0	0.02000000000000001
1842.0	0.020333333333333346
1843.0	0.020333333333333346
1844.0	0.019666666666666676
1845.0	0.01900000000000001
1846.0	0.018666666666666675
1847.0	0.019666666666666676
1848.0	0.019666666666666676
1849.0	0.019333333333333345
1850.0	0.019333333333333345
1851.0	0.018333333333333344
1852.0	0.018666666666666675
1853.0	0.019333333333333345
1854.0	0.01900000000000001
1855.0	0.018666666666666675
1856.0	0.018666666666666675
1857.0	0.019666666666666676
1858.0	0.019666666666666676
1859.0	0.019666666666666676
1860.0	0.019333333333333345
1861.0	0.01900000000000001
1862.0	0.02000000000000001
1863.0	0.02100000000000001
1864.0	0.02000000000000001
1865.0	0.019666666666666676
1866.0	0.019666666666666676
1867.0	0.019666666666666676
1868.0	0.020666666666666677
1869.0	0.02000000000000001
1870.0	0.020333333333333346
1871.0	0.02100000000000001
1872.0	0.020333333333333346
1873.0	0.020333333333333346
1874.0	0.02000000000000001
1875.0	0.020333333333333346
1876.0	0.02100000000000001
1877.0	0.02000000000000001
1878.0	0.019666666666666676
1879.0	0.02000000000000001
1880.0	0.02000000000000001
1881.0	0.02100000000000001
1882.0	0.020666666666666677
1883.0	0.02000000000000001
1884.0	0.020333333333333346
1885.0	0.020333333333333346
1886.0	0.021333333333333346
1887.0	0.021333333333333346
1888.0	0.021333333333333346
1889.0	0.021333333333333346
1890.0	0.020666666666666677
1891.0	0.021666666666666678
1892.0	0.020666666666666677
1893.0	0.019333333333333345
1894.0	0.020333333333333346
1895.0	0.020333333333333346
1896.0	0.020333333333333346
1897.0	0.02000000000000001
1898.0	0.01900000000000001
1899.0	0.019333333333333345
1900.0	0.019666666666666676
1901.0	0.018666666666666675
1902.0	0.02000000000000001
1903.0	0.02100000000000001
1904.0	0.021333333333333346
1905.0	0.020333333333333346
1906.0	0.019666666666666676
1907.0	0.019666666666666676
1908.0	0.02000000000000001
1909.0	0.02000000000000001
1910.0	0.020333333333333346
1911.0	0.020333333333333346
1912.0	0.020333333333333346
1913.0	0.020333333333333346
1914.0	0.02100000000000001
1915.0	0.02100000000000001
1916.0	0.02000000000000001
1917.0	0.019666666666666676
1918.0	0.02000000000000001
1919.0	0.01900000000000001
1920.0	0.01900000000000001
1921.0	0.018666666666666675
1922.0	0.01900000000000001
1923.0	0.019333333333333345
1924.0	0.018333333333333344
1925.0	0.01800000000000001
1926.0	0.017666666666666674
1927.0	0.017666666666666674
1928.0	0.01800000000000001
1929.0	0.018333333333333344
1930.0	0.017666666666666674
1931.0	0.017666666666666674
1932.0	0.017666666666666674
1933.0	0.016666666666666673
1934.0	0.016666666666666673
1935.0	0.017000000000000008
1936.0	0.017333333333333343
1937.0	0.017333333333333343
1938.0	0.01800000000000001
1939.0	0.017666666666666674
1940.0	0.016666666666666673
1941.0	0.016000000000000007
1942.0	0.015666666666666672
1943.0	0.01533333333333334
1944.0	0.014000000000000007
1945.0	0.014000000000000007
1946.0	0.014666666666666672
1947.0	0.014333333333333339
1948.0	0.01366666666666667
1949.0	0.013333333333333338
1950.0	0.01366666666666667
1951.0	0.01366666666666667
1952.0	0.013333333333333338
1953.0	0.01366666666666667
1954.0	0.01366666666666667
1955.0	0.014000000000000005
1956.0	0.015000000000000005
1957.0	0.015000000000000005
1958.0	0.015000000000000005
1959.0	0.014333333333333339
1960.0	0.014666666666666672
1961.0	0.015000000000000006
1962.0	0.01433333333333334
1963.0	0.01433333333333334
1964.0	0.01533333333333334
1965.0	0.01533333333333334
1966.0	0.015000000000000006
1967.0	0.01533333333333334
1968.0	0.01433333333333334
1969.0	0.014666666666666673
1970.0	0.01533333333333334
1971.0	0.01533333333333334
1972.0	0.015000000000000006
1973.0	0.01633333333333334
1974.0	0.01666666666666667
1975.0	0.01766666666666667
1976.0	0.017000000000000005
1977.0	0.016333333333333335
1978.0	0.017000000000000005
1979.0	0.01766666666666667
