0.0	0.02
1.0	0.02
2.0	0.016666666666666666
3.0	0.015000000000000001
4.0	0.02
5.0	0.02
6.0	0.02
7.0	0.022500000000000003
8.0	0.021111111111111115
9.0	0.020000000000000004
10.0	0.019090909090909096
11.0	0.01916666666666667
12.0	0.018461538461538467
13.0	0.01785714285714286
14.0	0.017333333333333336
15.0	0.016875000000000005
16.0	0.01705882352941177
17.0	0.016666666666666673
18.0	0.016315789473684218
19.0	0.017000000000000005
20.0	0.01666666666666667
21.0	0.016818181818181822
22.0	0.01652173913043479
23.0	0.01708333333333334
24.0	0.018000000000000006
25.0	0.018461538461538467
26.0	0.019259259259259264
27.0	0.01964285714285715
28.0	0.01931034482758621
29.0	0.019000000000000006
30.0	0.019677419354838716
31.0	0.019687500000000007
32.0	0.020000000000000007
33.0	0.020588235294117657
34.0	0.020285714285714296
35.0	0.020555555555555563
36.0	0.02054054054054055
37.0	0.020789473684210535
38.0	0.02076923076923078
39.0	0.02075000000000001
40.0	0.021219512195121963
41.0	0.0211904761904762
42.0	0.02116279069767443
43.0	0.0215909090909091
44.0	0.021333333333333346
45.0	0.021086956521739142
46.0	0.02127659574468086
47.0	0.02125000000000001
48.0	0.021020408163265315
49.0	0.02080000000000001
50.0	0.020588235294117657
51.0	0.020961538461538472
52.0	0.021320754716981142
53.0	0.021111111111111122
54.0	0.02090909090909092
55.0	0.021250000000000012
56.0	0.021578947368421066
57.0	0.021896551724137944
58.0	0.02186440677966103
59.0	0.021666666666666678
60.0	0.021475409836065586
61.0	0.021774193548387107
62.0	0.0215873015873016
63.0	0.021875000000000012
64.0	0.021692307692307705
65.0	0.02181818181818183
66.0	0.022089552238805984
67.0	0.021911764705882367
68.0	0.021884057971014507
69.0	0.02185714285714287
70.0	0.021971830985915507
71.0	0.021805555555555568
72.0	0.022054794520547958
73.0	0.021891891891891904
74.0	0.021733333333333348
75.0	0.021710526315789486
76.0	0.0216883116883117
77.0	0.02153846153846155
78.0	0.021392405063291153
79.0	0.021500000000000012
80.0	0.021481481481481494
81.0	0.02134146341463416
82.0	0.021204819277108447
83.0	0.021428571428571443
84.0	0.021411764705882366
85.0	0.021279069767441875
86.0	0.021149425287356336
87.0	0.021022727272727287
88.0	0.02123595505617979
89.0	0.021222222222222236
90.0	0.021098901098901113
91.0	0.02097826086956523
92.0	0.020860215053763453
93.0	0.020957446808510652
94.0	0.020947368421052645
95.0	0.020833333333333346
96.0	0.020824742268041253
97.0	0.020714285714285727
98.0	0.020808080808080817
99.0	0.020700000000000007
100.0	0.020600000000000004
101.0	0.020500000000000004
102.0	0.020600000000000004
103.0	0.02090000000000001
104.0	0.020600000000000004
105.0	0.020500000000000004
106.0	0.0204
107.0	0.0203
108.0	0.020499999999999997
109.0	0.0207
110.0	0.021
111.0	0.0212
112.0	0.0212
113.0	0.021300000000000003
114.0	0.021500000000000005
115.0	0.021500000000000005
116.0	0.0216
117.0	0.021500000000000005
118.0	0.021500000000000005
119.0	0.021300000000000003
120.0	0.021600000000000005
121.0	0.021800000000000007
122.0	0.02210000000000001
123.0	0.02190000000000001
124.0	0.021600000000000005
125.0	0.021700000000000007
126.0	0.021400000000000006
127.0	0.021200000000000007
128.0	0.021300000000000006
129.0	0.02140000000000001
130.0	0.021100000000000008
131.0	0.021000000000000005
132.0	0.02090000000000001
133.0	0.020700000000000007
134.0	0.02090000000000001
135.0	0.020700000000000007
136.0	0.020700000000000007
137.0	0.02060000000000001
138.0	0.020500000000000008
139.0	0.020400000000000005
140.0	0.020400000000000005
141.0	0.020600000000000004
142.0	0.020500000000000004
143.0	0.020300000000000002
144.0	0.020300000000000002
145.0	0.020300000000000002
146.0	0.020100000000000003
147.0	0.02
148.0	0.019999999999999997
149.0	0.020099999999999996
150.0	0.0203
151.0	0.020099999999999996
152.0	0.020099999999999996
153.0	0.020099999999999996
154.0	0.0204
155.0	0.020099999999999996
156.0	0.019799999999999995
157.0	0.019499999999999997
158.0	0.019399999999999994
159.0	0.019599999999999996
160.0	0.019799999999999995
161.0	0.019499999999999997
162.0	0.019499999999999997
163.0	0.019199999999999995
164.0	0.019199999999999995
165.0	0.019099999999999995
166.0	0.018799999999999994
167.0	0.018799999999999994
168.0	0.018699999999999994
169.0	0.018599999999999995
170.0	0.018399999999999993
171.0	0.018599999999999995
172.0	0.018299999999999993
173.0	0.018399999999999993
174.0	0.018399999999999993
175.0	0.018399999999999993
176.0	0.018399999999999993
177.0	0.018599999999999995
178.0	0.018599999999999995
179.0	0.018399999999999993
180.0	0.018599999999999995
181.0	0.018599999999999995
182.0	0.018599999999999995
183.0	0.018299999999999993
184.0	0.018499999999999996
185.0	0.018499999999999996
186.0	0.018499999999999996
187.0	0.018499999999999996
188.0	0.018399999999999993
189.0	0.018299999999999993
190.0	0.018299999999999993
191.0	0.018599999999999995
192.0	0.018599999999999995
193.0	0.018399999999999993
194.0	0.018299999999999993
195.0	0.018299999999999993
196.0	0.018499999999999996
197.0	0.018499999999999996
198.0	0.018299999999999993
199.0	0.018299999999999993
200.0	0.018599999999999995
201.0	0.018899999999999993
202.0	0.018799999999999994
203.0	0.018699999999999994
204.0	0.018799999999999994
205.0	0.018799999999999994
206.0	0.018799999999999994
207.0	0.018599999999999995
208.0	0.018399999999999993
209.0	0.018199999999999994
210.0	0.017999999999999995
211.0	0.017899999999999992
212.0	0.017999999999999995
213.0	0.017899999999999992
214.0	0.017699999999999994
215.0	0.017699999999999994
216.0	0.017599999999999994
217.0	0.017699999999999994
218.0	0.017699999999999994
219.0	0.017899999999999992
220.0	0.017799999999999993
221.0	0.017499999999999995
222.0	0.017199999999999993
223.0	0.017199999999999993
224.0	0.017399999999999992
225.0	0.017099999999999994
226.0	0.017199999999999993
227.0	0.017199999999999993
228.0	0.017299999999999992
229.0	0.017199999999999993
230.0	0.017299999999999992
231.0	0.017599999999999994
232.0	0.017799999999999993
233.0	0.017699999999999994
234.0	0.017699999999999994
235.0	0.017899999999999992
236.0	0.017999999999999995
237.0	0.017899999999999992
238.0	0.017999999999999995
239.0	0.018099999999999995
240.0	0.017799999999999993
241.0	0.017499999999999995
242.0	0.017599999999999994
243.0	0.017699999999999994
244.0	0.017999999999999995
245.0	0.018099999999999995
246.0	0.018299999999999993
247.0	0.018499999999999996
248.0	0.018499999999999996
249.0	0.018399999999999993
250.0	0.018199999999999994
251.0	0.018099999999999995
252.0	0.017799999999999993
253.0	0.017799999999999993
254.0	0.017499999999999995
255.0	0.017599999999999994
256.0	0.017899999999999992
257.0	0.017899999999999992
258.0	0.018099999999999995
259.0	0.017899999999999992
260.0	0.017699999999999994
261.0	0.017699999999999994
262.0	0.017799999999999993
263.0	0.017799999999999993
264.0	0.017999999999999995
265.0	0.018199999999999994
266.0	0.018199999999999994
267.0	0.018199999999999994
268.0	0.018299999999999993
269.0	0.018599999999999995
270.0	0.018599999999999995
271.0	0.018399999999999993
272.0	0.018399999999999993
273.0	0.018299999999999993
274.0	0.018299999999999993
275.0	0.018499999999999996
276.0	0.018399999999999993
277.0	0.018499999999999996
278.0	0.018799999999999994
279.0	0.018799999999999994
280.0	0.018499999999999996
281.0	0.018599999999999995
282.0	0.018599999999999995
283.0	0.018899999999999993
284.0	0.018599999999999995
285.0	0.018799999999999994
286.0	0.018799999999999994
287.0	0.018799999999999994
288.0	0.018599999999999995
289.0	0.018599999999999995
290.0	0.018699999999999994
291.0	0.018399999999999993
292.0	0.018399999999999993
293.0	0.018599999999999995
294.0	0.018699999999999994
295.0	0.018899999999999993
296.0	0.018899999999999993
297.0	0.019199999999999995
298.0	0.019199999999999995
299.0	0.019199999999999995
300.0	0.018899999999999993
301.0	0.018599999999999995
302.0	0.018599999999999995
303.0	0.018499999999999996
304.0	0.018399999999999993
305.0	0.018599999999999995
306.0	0.018599999999999995
307.0	0.018899999999999993
308.0	0.019099999999999995
309.0	0.019099999999999995
310.0	0.019099999999999995
311.0	0.018999999999999996
312.0	0.018899999999999993
313.0	0.018999999999999996
314.0	0.019099999999999995
315.0	0.019199999999999995
316.0	0.019199999999999995
317.0	0.019199999999999995
318.0	0.019299999999999994
319.0	0.019399999999999994
320.0	0.019199999999999995
321.0	0.019199999999999995
322.0	0.019199999999999995
323.0	0.019299999999999994
324.0	0.019099999999999995
325.0	0.019299999999999994
326.0	0.019499999999999997
327.0	0.019599999999999996
328.0	0.019499999999999997
329.0	0.019499999999999997
330.0	0.019399999999999994
331.0	0.019099999999999995
332.0	0.018799999999999994
333.0	0.018899999999999993
334.0	0.018999999999999996
335.0	0.018799999999999994
336.0	0.018699999999999994
337.0	0.018899999999999993
338.0	0.018799999999999994
339.0	0.018699999999999994
340.0	0.018699999999999994
341.0	0.018899999999999993
342.0	0.018799999999999994
343.0	0.018699999999999994
344.0	0.018399999999999993
345.0	0.018299999999999993
346.0	0.018099999999999995
347.0	0.018099999999999995
348.0	0.018399999999999993
349.0	0.018399999999999993
350.0	0.018599999999999995
351.0	0.018599999999999995
352.0	0.018799999999999994
353.0	0.018799999999999994
354.0	0.018799999999999994
355.0	0.018899999999999993
356.0	0.018599999999999995
357.0	0.018799999999999994
358.0	0.018599999999999995
359.0	0.018899999999999993
360.0	0.018899999999999993
361.0	0.018899999999999993
362.0	0.018799999999999994
363.0	0.019099999999999995
364.0	0.018899999999999993
365.0	0.018599999999999995
366.0	0.018899999999999993
367.0	0.018899999999999993
368.0	0.018999999999999996
369.0	0.018999999999999996
370.0	0.018999999999999996
371.0	0.018999999999999996
372.0	0.019299999999999994
373.0	0.019399999999999994
374.0	0.019499999999999997
375.0	0.019199999999999995
376.0	0.019399999999999994
377.0	0.019299999999999994
378.0	0.018999999999999996
379.0	0.018999999999999996
380.0	0.019199999999999995
381.0	0.019099999999999995
382.0	0.019199999999999995
383.0	0.018899999999999993
384.0	0.018899999999999993
385.0	0.018799999999999994
386.0	0.018799999999999994
387.0	0.018899999999999993
388.0	0.018899999999999993
389.0	0.019099999999999995
390.0	0.019099999999999995
391.0	0.019299999999999994
392.0	0.019299999999999994
393.0	0.019099999999999995
394.0	0.019299999999999994
395.0	0.019099999999999995
396.0	0.018799999999999994
397.0	0.018499999999999996
398.0	0.018499999999999996
399.0	0.018499999999999996
400.0	0.018499999999999996
401.0	0.018499999999999996
402.0	0.018699999999999994
403.0	0.018599999999999995
404.0	0.018799999999999994
405.0	0.018599999999999995
406.0	0.018699999999999994
407.0	0.018499999999999996
408.0	0.018299999999999993
409.0	0.018399999999999993
410.0	0.018299999999999993
411.0	0.018199999999999994
412.0	0.018499999999999996
413.0	0.018399999999999993
414.0	0.018299999999999993
415.0	0.018199999999999994
416.0	0.018199999999999994
417.0	0.018499999999999996
418.0	0.018399999999999993
419.0	0.018099999999999995
420.0	0.018099999999999995
421.0	0.018299999999999993
422.0	0.018299999999999993
423.0	0.018299999999999993
424.0	0.018399999999999993
425.0	0.018199999999999994
426.0	0.017999999999999995
427.0	0.017899999999999992
428.0	0.018099999999999995
429.0	0.018399999999999993
430.0	0.018399999999999993
431.0	0.018399999999999993
432.0	0.018599999999999995
433.0	0.018399999999999993
434.0	0.018099999999999995
435.0	0.018399999999999993
436.0	0.018299999999999993
437.0	0.018099999999999995
438.0	0.018099999999999995
439.0	0.018099999999999995
440.0	0.018099999999999995
441.0	0.018099999999999995
442.0	0.018099999999999995
443.0	0.017999999999999995
444.0	0.017999999999999995
445.0	0.018299999999999993
446.0	0.018299999999999993
447.0	0.018399999999999993
448.0	0.018099999999999995
449.0	0.018299999999999993
450.0	0.018099999999999995
451.0	0.018299999999999993
452.0	0.018099999999999995
453.0	0.018099999999999995
454.0	0.018299999999999993
455.0	0.018099999999999995
456.0	0.018099999999999995
457.0	0.017899999999999992
458.0	0.017999999999999995
459.0	0.017699999999999994
460.0	0.017999999999999995
461.0	0.017999999999999995
462.0	0.018099999999999995
463.0	0.018099999999999995
464.0	0.018299999999999993
465.0	0.018399999999999993
466.0	0.018099999999999995
467.0	0.018299999999999993
468.0	0.018099999999999995
469.0	0.018099999999999995
470.0	0.018099999999999995
471.0	0.018099999999999995
472.0	0.017999999999999995
473.0	0.018199999999999994
474.0	0.018399999999999993
475.0	0.018399999999999993
476.0	0.018399999999999993
477.0	0.018199999999999994
478.0	0.018199999999999994
479.0	0.018399999999999993
480.0	0.018199999999999994
481.0	0.018199999999999994
482.0	0.018099999999999995
483.0	0.018199999999999994
484.0	0.018199999999999994
485.0	0.018199999999999994
486.0	0.018499999999999996
487.0	0.018499999999999996
488.0	0.018499999999999996
489.0	0.018299999999999993
490.0	0.018099999999999995
491.0	0.017899999999999992
492.0	0.017899999999999992
493.0	0.017899999999999992
494.0	0.017599999999999994
495.0	0.017599999999999994
496.0	0.017599999999999994
497.0	0.017599999999999994
498.0	0.017699999999999994
499.0	0.017699999999999994
500.0	0.017699999999999994
501.0	0.017699999999999994
502.0	0.017499999999999995
503.0	0.017499999999999995
504.0	0.017399999999999992
505.0	0.017399999999999992
506.0	0.017299999999999992
507.0	0.017199999999999993
508.0	0.017199999999999993
509.0	0.017399999999999992
510.0	0.017399999999999992
511.0	0.017399999999999992
512.0	0.017299999999999992
513.0	0.017599999999999994
514.0	0.017799999999999993
515.0	0.018099999999999995
516.0	0.018199999999999994
517.0	0.017999999999999995
518.0	0.017999999999999995
519.0	0.018199999999999994
520.0	0.018199999999999994
521.0	0.018199999999999994
522.0	0.018199999999999994
523.0	0.018099999999999995
524.0	0.018299999999999993
525.0	0.018299999999999993
526.0	0.018199999999999994
527.0	0.018199999999999994
528.0	0.017999999999999995
529.0	0.017799999999999993
530.0	0.017899999999999992
531.0	0.017899999999999992
532.0	0.017899999999999992
533.0	0.018099999999999995
534.0	0.018399999999999993
535.0	0.018099999999999995
536.0	0.018099999999999995
537.0	0.018099999999999995
538.0	0.017999999999999995
539.0	0.017999999999999995
540.0	0.017999999999999995
541.0	0.017799999999999993
542.0	0.017999999999999995
543.0	0.018099999999999995
544.0	0.018099999999999995
545.0	0.017899999999999992
546.0	0.017899999999999992
547.0	0.017599999999999994
548.0	0.017799999999999993
549.0	0.017599999999999994
550.0	0.017899999999999992
551.0	0.017699999999999994
552.0	0.017599999999999994
553.0	0.017599999999999994
554.0	0.017399999999999992
555.0	0.017499999999999995
556.0	0.017499999999999995
557.0	0.017499999999999995
558.0	0.017399999999999992
559.0	0.017499999999999995
560.0	0.017199999999999993
561.0	0.017199999999999993
562.0	0.017099999999999994
563.0	0.016799999999999992
564.0	0.016799999999999992
565.0	0.016699999999999993
566.0	0.016799999999999992
567.0	0.016599999999999993
568.0	0.016599999999999993
569.0	0.01629999999999999
570.0	0.01629999999999999
571.0	0.016499999999999994
572.0	0.01629999999999999
573.0	0.015999999999999993
574.0	0.015999999999999993
575.0	0.016099999999999993
576.0	0.016099999999999993
577.0	0.016199999999999992
578.0	0.016199999999999992
579.0	0.016199999999999992
580.0	0.016199999999999992
581.0	0.016199999999999992
582.0	0.016199999999999992
583.0	0.016199999999999992
584.0	0.016499999999999994
585.0	0.01639999999999999
586.0	0.016199999999999992
587.0	0.016099999999999993
588.0	0.016199999999999992
589.0	0.016499999999999994
590.0	0.016599999999999993
591.0	0.016599999999999993
592.0	0.016599999999999993
593.0	0.016599999999999993
594.0	0.016799999999999992
595.0	0.01689999999999999
596.0	0.017099999999999994
597.0	0.017099999999999994
598.0	0.017099999999999994
599.0	0.017099999999999994
600.0	0.017299999999999992
601.0	0.017499999999999995
602.0	0.017699999999999994
603.0	0.017699999999999994
604.0	0.017799999999999993
605.0	0.017799999999999993
606.0	0.017799999999999993
607.0	0.017799999999999993
608.0	0.017799999999999993
609.0	0.017499999999999995
610.0	0.017599999999999994
611.0	0.017599999999999994
612.0	0.017399999999999992
613.0	0.017099999999999994
614.0	0.01689999999999999
615.0	0.016799999999999992
616.0	0.016599999999999993
617.0	0.016499999999999994
618.0	0.016499999999999994
619.0	0.016199999999999992
620.0	0.01639999999999999
621.0	0.01639999999999999
622.0	0.016699999999999993
623.0	0.016699999999999993
624.0	0.01639999999999999
625.0	0.01639999999999999
626.0	0.01639999999999999
627.0	0.016699999999999993
628.0	0.01689999999999999
629.0	0.016799999999999992
630.0	0.01689999999999999
631.0	0.017199999999999993
632.0	0.017299999999999992
633.0	0.017499999999999995
634.0	0.017199999999999993
635.0	0.017499999999999995
636.0	0.017799999999999993
637.0	0.017799999999999993
638.0	0.017999999999999995
639.0	0.017999999999999995
640.0	0.018199999999999994
641.0	0.018199999999999994
642.0	0.018099999999999995
643.0	0.017999999999999995
644.0	0.018199999999999994
645.0	0.018199999999999994
646.0	0.018199999999999994
647.0	0.018199999999999994
648.0	0.018199999999999994
649.0	0.018199999999999994
650.0	0.017899999999999992
651.0	0.017899999999999992
652.0	0.018099999999999995
653.0	0.018199999999999994
654.0	0.018499999999999996
655.0	0.018399999999999993
656.0	0.018399999999999993
657.0	0.018499999999999996
658.0	0.018799999999999994
659.0	0.018799999999999994
660.0	0.018799999999999994
661.0	0.019099999999999995
662.0	0.019299999999999994
663.0	0.019299999999999994
664.0	0.019099999999999995
665.0	0.019399999999999994
666.0	0.019599999999999996
667.0	0.019799999999999995
668.0	0.019899999999999994
669.0	0.019899999999999994
670.0	0.019999999999999993
671.0	0.019799999999999995
672.0	0.019799999999999995
673.0	0.020099999999999993
674.0	0.01999999999999999
675.0	0.019899999999999987
676.0	0.01999999999999999
677.0	0.019899999999999987
678.0	0.02009999999999999
679.0	0.019899999999999987
680.0	0.019899999999999987
681.0	0.019899999999999987
682.0	0.020199999999999985
683.0	0.020099999999999986
684.0	0.019899999999999984
685.0	0.019899999999999984
686.0	0.019999999999999983
687.0	0.01999999999999998
688.0	0.01989999999999998
689.0	0.01959999999999998
690.0	0.01979999999999998
691.0	0.01979999999999998
692.0	0.01989999999999998
693.0	0.02009999999999998
694.0	0.01999999999999998
695.0	0.02009999999999998
696.0	0.020199999999999982
697.0	0.020399999999999984
698.0	0.020399999999999984
699.0	0.020399999999999984
700.0	0.020199999999999982
701.0	0.01999999999999998
702.0	0.01979999999999998
703.0	0.01979999999999998
704.0	0.01959999999999998
705.0	0.01959999999999998
706.0	0.01979999999999998
707.0	0.01979999999999998
708.0	0.01999999999999998
709.0	0.02009999999999998
710.0	0.019999999999999976
711.0	0.02009999999999998
712.0	0.02029999999999998
713.0	0.020399999999999984
714.0	0.020399999999999984
715.0	0.020299999999999985
716.0	0.020299999999999985
717.0	0.020299999999999985
718.0	0.020299999999999985
719.0	0.020399999999999984
720.0	0.020199999999999982
721.0	0.01999999999999998
722.0	0.01969999999999998
723.0	0.01979999999999998
724.0	0.01979999999999998
725.0	0.01979999999999998
726.0	0.02009999999999998
727.0	0.019799999999999977
728.0	0.019699999999999974
729.0	0.019699999999999974
730.0	0.019499999999999976
731.0	0.019199999999999974
732.0	0.018899999999999976
733.0	0.018599999999999974
734.0	0.018599999999999974
735.0	0.018599999999999974
736.0	0.018299999999999973
737.0	0.018399999999999975
738.0	0.018499999999999975
739.0	0.018699999999999974
740.0	0.018499999999999975
741.0	0.018699999999999974
742.0	0.018799999999999973
743.0	0.018799999999999973
744.0	0.018599999999999974
745.0	0.018699999999999974
746.0	0.018699999999999974
747.0	0.018799999999999973
748.0	0.018599999999999974
749.0	0.018699999999999974
750.0	0.018699999999999974
751.0	0.018699999999999974
752.0	0.018599999999999974
753.0	0.018799999999999973
754.0	0.018599999999999974
755.0	0.018599999999999974
756.0	0.018599999999999974
757.0	0.018499999999999975
758.0	0.018199999999999973
759.0	0.018099999999999974
760.0	0.018199999999999973
761.0	0.018199999999999973
762.0	0.017999999999999974
763.0	0.017999999999999974
764.0	0.018099999999999974
765.0	0.017899999999999975
766.0	0.017599999999999973
767.0	0.017599999999999973
768.0	0.017499999999999974
769.0	0.017499999999999974
770.0	0.017399999999999975
771.0	0.017399999999999975
772.0	0.017499999999999974
773.0	0.017199999999999972
774.0	0.016999999999999973
775.0	0.017199999999999972
776.0	0.016899999999999974
777.0	0.01679999999999997
778.0	0.01679999999999997
779.0	0.01679999999999997
780.0	0.01679999999999997
781.0	0.01679999999999997
782.0	0.016499999999999973
783.0	0.016499999999999973
784.0	0.016599999999999972
785.0	0.01679999999999997
786.0	0.01679999999999997
787.0	0.016899999999999974
788.0	0.016899999999999974
789.0	0.016899999999999974
790.0	0.016699999999999972
791.0	0.016699999999999972
792.0	0.016699999999999972
793.0	0.01679999999999997
794.0	0.016699999999999972
795.0	0.016699999999999972
796.0	0.016399999999999974
797.0	0.01629999999999997
798.0	0.016499999999999973
799.0	0.016599999999999972
800.0	0.016899999999999974
801.0	0.016899999999999974
802.0	0.016999999999999973
803.0	0.016999999999999973
804.0	0.016999999999999973
805.0	0.01729999999999997
806.0	0.017099999999999973
807.0	0.017099999999999973
808.0	0.016899999999999974
809.0	0.016999999999999973
810.0	0.01729999999999997
811.0	0.017499999999999974
812.0	0.01729999999999997
813.0	0.017199999999999972
814.0	0.01729999999999997
815.0	0.01729999999999997
816.0	0.01729999999999997
817.0	0.01729999999999997
818.0	0.017399999999999975
819.0	0.017399999999999975
820.0	0.017499999999999974
821.0	0.017599999999999973
822.0	0.017599999999999973
823.0	0.017699999999999973
824.0	0.017699999999999973
825.0	0.017699999999999973
826.0	0.017399999999999975
827.0	0.017399999999999975
828.0	0.017199999999999972
829.0	0.017199999999999972
830.0	0.017199999999999972
831.0	0.01729999999999997
832.0	0.017399999999999975
833.0	0.017599999999999973
834.0	0.017799999999999972
835.0	0.017499999999999974
836.0	0.017499999999999974
837.0	0.017399999999999975
838.0	0.017199999999999972
839.0	0.017099999999999973
840.0	0.01729999999999997
841.0	0.017099999999999973
842.0	0.016999999999999973
843.0	0.016999999999999973
844.0	0.01729999999999997
845.0	0.017099999999999973
846.0	0.017199999999999972
847.0	0.01729999999999997
848.0	0.01729999999999997
849.0	0.017199999999999972
850.0	0.017199999999999972
851.0	0.017399999999999975
852.0	0.017399999999999975
853.0	0.017099999999999973
854.0	0.01729999999999997
855.0	0.017399999999999975
856.0	0.017599999999999973
857.0	0.017599999999999973
858.0	0.017599999999999973
859.0	0.017599999999999973
860.0	0.017799999999999972
861.0	0.017499999999999974
862.0	0.017699999999999973
863.0	0.017999999999999974
864.0	0.017999999999999974
865.0	0.017899999999999975
866.0	0.017899999999999975
867.0	0.017899999999999975
868.0	0.017899999999999975
869.0	0.017999999999999974
870.0	0.018199999999999973
871.0	0.018399999999999975
872.0	0.018299999999999973
873.0	0.018399999999999975
874.0	0.018499999999999975
875.0	0.018599999999999974
876.0	0.018599999999999974
877.0	0.018699999999999974
878.0	0.018599999999999974
879.0	0.018599999999999974
880.0	0.018599999999999974
881.0	0.018599999999999974
882.0	0.018799999999999973
883.0	0.018799999999999973
884.0	0.018599999999999974
885.0	0.018499999999999975
886.0	0.018299999999999973
887.0	0.018199999999999973
888.0	0.018499999999999975
889.0	0.018499999999999975
890.0	0.018499999999999975
891.0	0.018599999999999974
892.0	0.018499999999999975
893.0	0.018199999999999973
894.0	0.018099999999999974
895.0	0.017899999999999975
896.0	0.017999999999999974
897.0	0.017899999999999975
898.0	0.017599999999999973
899.0	0.017599999999999973
900.0	0.01729999999999997
901.0	0.01729999999999997
902.0	0.017499999999999974
903.0	0.017799999999999972
904.0	0.017799999999999972
905.0	0.017699999999999973
906.0	0.017699999999999973
907.0	0.017799999999999972
908.0	0.017799999999999972
909.0	0.017599999999999973
910.0	0.017399999999999975
911.0	0.017099999999999973
912.0	0.017199999999999972
913.0	0.017399999999999975
914.0	0.01729999999999997
915.0	0.017399999999999975
916.0	0.017499999999999974
917.0	0.017499999999999974
918.0	0.017399999999999975
919.0	0.017399999999999975
920.0	0.017599999999999973
921.0	0.017799999999999972
922.0	0.017999999999999974
923.0	0.017799999999999972
924.0	0.017899999999999975
925.0	0.018099999999999974
926.0	0.018199999999999973
927.0	0.018199999999999973
928.0	0.018199999999999973
929.0	0.018299999999999973
930.0	0.018499999999999975
931.0	0.018599999999999974
932.0	0.018499999999999975
933.0	0.018299999999999973
934.0	0.018199999999999973
935.0	0.018299999999999973
936.0	0.018599999999999974
937.0	0.018899999999999976
938.0	0.018799999999999973
939.0	0.018799999999999973
940.0	0.018699999999999974
941.0	0.018999999999999975
942.0	0.019099999999999975
943.0	0.019099999999999975
944.0	0.018799999999999973
945.0	0.018799999999999973
946.0	0.018799999999999973
947.0	0.018699999999999974
948.0	0.018699999999999974
949.0	0.018799999999999973
950.0	0.018799999999999973
951.0	0.018599999999999974
952.0	0.018599999999999974
953.0	0.018899999999999976
954.0	0.018599999999999974
955.0	0.018599999999999974
956.0	0.018699999999999974
957.0	0.018699999999999974
958.0	0.018699999999999974
959.0	0.018699999999999974
960.0	0.018399999999999975
961.0	0.018499999999999975
962.0	0.018399999999999975
963.0	0.018299999999999973
964.0	0.018199999999999973
965.0	0.018199999999999973
966.0	0.018199999999999973
967.0	0.018099999999999974
968.0	0.018099999999999974
969.0	0.017899999999999975
970.0	0.017699999999999973
971.0	0.017699999999999973
972.0	0.017799999999999972
973.0	0.017699999999999973
974.0	0.017599999999999973
975.0	0.01729999999999997
976.0	0.017399999999999975
977.0	0.017499999999999974
978.0	0.017399999999999975
979.0	0.017399999999999975
980.0	0.017699999999999973
981.0	0.017899999999999975
982.0	0.017999999999999974
983.0	0.017999999999999974
984.0	0.018199999999999973
985.0	0.018399999999999975
986.0	0.018399999999999975
987.0	0.018599999999999974
988.0	0.018299999999999973
989.0	0.018399999999999975
990.0	0.018599999999999974
991.0	0.018599999999999974
992.0	0.018899999999999976
993.0	0.018899999999999976
994.0	0.019099999999999975
995.0	0.019199999999999974
996.0	0.019099999999999975
997.0	0.019099999999999975
998.0	0.019099999999999975
999.0	0.019099999999999975
1000.0	0.019099999999999975
1001.0	0.019199999999999974
1002.0	0.018899999999999976
1003.0	0.018699999999999974
1004.0	0.018699999999999974
1005.0	0.018499999999999975
1006.0	0.018699999999999974
1007.0	0.018599999999999974
1008.0	0.018699999999999974
1009.0	0.018799999999999973
1010.0	0.018699999999999974
1011.0	0.018799999999999973
1012.0	0.018699999999999974
1013.0	0.018799999999999973
1014.0	0.018699999999999974
1015.0	0.018599999999999974
1016.0	0.018499999999999975
1017.0	0.018599999999999974
1018.0	0.018799999999999973
1019.0	0.018999999999999975
1020.0	0.018699999999999974
1021.0	0.018399999999999975
1022.0	0.018199999999999973
1023.0	0.018199999999999973
1024.0	0.018199999999999973
1025.0	0.017899999999999975
1026.0	0.017699999999999973
1027.0	0.017699999999999973
1028.0	0.017699999999999973
1029.0	0.017599999999999973
1030.0	0.017599999999999973
1031.0	0.017399999999999975
1032.0	0.017399999999999975
1033.0	0.017699999999999973
1034.0	0.017699999999999973
1035.0	0.017599999999999973
1036.0	0.01729999999999997
1037.0	0.016999999999999973
1038.0	0.017099999999999973
1039.0	0.016999999999999973
1040.0	0.017099999999999973
1041.0	0.017099999999999973
1042.0	0.016999999999999973
1043.0	0.016999999999999973
1044.0	0.016999999999999973
1045.0	0.017199999999999972
1046.0	0.01729999999999997
1047.0	0.017199999999999972
1048.0	0.017499999999999974
1049.0	0.01729999999999997
1050.0	0.017599999999999973
1051.0	0.017599999999999973
1052.0	0.017799999999999972
1053.0	0.017499999999999974
1054.0	0.017599999999999973
1055.0	0.017399999999999975
1056.0	0.017199999999999972
1057.0	0.017499999999999974
1058.0	0.017499999999999974
1059.0	0.017499999999999974
1060.0	0.017699999999999973
1061.0	0.017599999999999973
1062.0	0.017699999999999973
1063.0	0.017499999999999974
1064.0	0.017499999999999974
1065.0	0.017499999999999974
1066.0	0.017599999999999973
1067.0	0.017699999999999973
1068.0	0.017699999999999973
1069.0	0.018099999999999974
1070.0	0.018199999999999973
1071.0	0.018199999999999973
1072.0	0.018099999999999974
1073.0	0.018199999999999973
1074.0	0.018199999999999973
1075.0	0.018499999999999975
1076.0	0.018399999999999975
1077.0	0.018399999999999975
1078.0	0.018599999999999974
1079.0	0.018599999999999974
1080.0	0.018299999999999973
1081.0	0.018099999999999974
1082.0	0.017799999999999972
1083.0	0.017799999999999972
1084.0	0.017599999999999973
1085.0	0.01729999999999997
1086.0	0.01729999999999997
1087.0	0.017199999999999972
1088.0	0.017099999999999973
1089.0	0.017199999999999972
1090.0	0.017099999999999973
1091.0	0.01729999999999997
1092.0	0.016999999999999973
1093.0	0.016999999999999973
1094.0	0.017199999999999972
1095.0	0.017399999999999975
1096.0	0.017399999999999975
1097.0	0.017399999999999975
1098.0	0.017599999999999973
1099.0	0.017599999999999973
1100.0	0.017599999999999973
1101.0	0.017499999999999974
1102.0	0.017499999999999974
1103.0	0.017599999999999973
1104.0	0.017599999999999973
1105.0	0.017599999999999973
1106.0	0.017599999999999973
1107.0	0.017599999999999973
1108.0	0.017799999999999972
1109.0	0.017599999999999973
1110.0	0.017699999999999973
1111.0	0.017599999999999973
1112.0	0.017899999999999975
1113.0	0.017899999999999975
1114.0	0.017999999999999974
1115.0	0.017899999999999975
1116.0	0.017999999999999974
1117.0	0.017899999999999975
1118.0	0.017699999999999973
1119.0	0.017499999999999974
1120.0	0.017699999999999973
1121.0	0.017699999999999973
1122.0	0.017799999999999972
1123.0	0.017799999999999972
1124.0	0.017999999999999974
1125.0	0.018399999999999975
1126.0	0.018699999999999974
1127.0	0.018699999999999974
1128.0	0.018899999999999976
1129.0	0.018899999999999976
1130.0	0.018699999999999974
1131.0	0.018999999999999975
1132.0	0.018999999999999975
1133.0	0.018699999999999974
1134.0	0.018899999999999976
1135.0	0.018899999999999976
1136.0	0.019099999999999975
1137.0	0.019399999999999976
1138.0	0.019399999999999976
1139.0	0.019399999999999976
1140.0	0.019399999999999976
1141.0	0.019099999999999975
1142.0	0.019299999999999973
1143.0	0.019299999999999973
1144.0	0.019299999999999973
1145.0	0.019299999999999973
1146.0	0.019399999999999976
1147.0	0.019499999999999976
1148.0	0.019199999999999974
1149.0	0.019499999999999976
1150.0	0.019199999999999974
1151.0	0.019199999999999974
1152.0	0.018999999999999975
1153.0	0.018999999999999975
1154.0	0.018899999999999976
1155.0	0.018999999999999975
1156.0	0.018899999999999976
1157.0	0.018899999999999976
1158.0	0.019099999999999975
1159.0	0.019099999999999975
1160.0	0.018899999999999976
1161.0	0.018999999999999975
1162.0	0.018799999999999973
1163.0	0.018799999999999973
1164.0	0.018699999999999974
1165.0	0.018699999999999974
1166.0	0.018599999999999974
1167.0	0.018499999999999975
1168.0	0.018699999999999974
1169.0	0.018399999999999975
1170.0	0.018399999999999975
1171.0	0.018299999999999973
1172.0	0.018599999999999974
1173.0	0.018699999999999974
1174.0	0.018899999999999976
1175.0	0.018899999999999976
1176.0	0.018899999999999976
1177.0	0.018799999999999973
1178.0	0.018599999999999974
1179.0	0.018599999999999974
1180.0	0.018899999999999976
1181.0	0.019099999999999975
1182.0	0.019099999999999975
1183.0	0.019199999999999974
1184.0	0.019199999999999974
1185.0	0.019199999999999974
1186.0	0.019199999999999974
1187.0	0.019299999999999973
1188.0	0.019599999999999975
1189.0	0.019399999999999976
1190.0	0.019499999999999976
1191.0	0.019299999999999973
1192.0	0.019599999999999975
1193.0	0.019599999999999975
1194.0	0.019499999999999976
1195.0	0.019199999999999974
1196.0	0.019199999999999974
1197.0	0.019199999999999974
1198.0	0.018999999999999975
1199.0	0.018999999999999975
1200.0	0.019199999999999974
1201.0	0.019199999999999974
1202.0	0.019199999999999974
1203.0	0.018999999999999975
1204.0	0.019299999999999973
1205.0	0.019499999999999976
1206.0	0.019599999999999975
1207.0	0.019899999999999977
1208.0	0.019499999999999976
1209.0	0.019599999999999975
1210.0	0.019499999999999976
1211.0	0.019499999999999976
1212.0	0.019299999999999973
1213.0	0.018999999999999975
1214.0	0.019199999999999974
1215.0	0.019199999999999974
1216.0	0.019099999999999975
1217.0	0.019299999999999973
1218.0	0.019499999999999976
1219.0	0.019499999999999976
1220.0	0.019299999999999973
1221.0	0.019399999999999976
1222.0	0.019399999999999976
1223.0	0.019599999999999975
1224.0	0.019599999999999975
1225.0	0.019599999999999975
1226.0	0.019699999999999974
1227.0	0.019899999999999977
1228.0	0.019699999999999974
1229.0	0.019799999999999974
1230.0	0.019799999999999974
1231.0	0.019499999999999976
1232.0	0.019499999999999976
1233.0	0.019699999999999974
1234.0	0.019499999999999976
1235.0	0.019499999999999976
1236.0	0.019199999999999974
1237.0	0.019199999999999974
1238.0	0.019199999999999974
1239.0	0.019299999999999973
1240.0	0.019399999999999976
1241.0	0.019399999999999976
1242.0	0.019199999999999974
1243.0	0.019399999999999976
1244.0	0.019399999999999976
1245.0	0.019399999999999976
1246.0	0.019199999999999974
1247.0	0.019199999999999974
1248.0	0.019199999999999974
1249.0	0.019099999999999975
1250.0	0.019099999999999975
1251.0	0.019099999999999975
1252.0	0.019099999999999975
1253.0	0.019199999999999974
1254.0	0.019199999999999974
1255.0	0.019399999999999976
1256.0	0.019699999999999974
1257.0	0.019399999999999976
1258.0	0.019499999999999976
1259.0	0.019399999999999976
1260.0	0.019699999999999974
1261.0	0.019499999999999976
1262.0	0.019499999999999976
1263.0	0.019499999999999976
1264.0	0.019599999999999975
1265.0	0.019699999999999974
1266.0	0.019999999999999976
1267.0	0.019999999999999973
1268.0	0.019999999999999973
1269.0	0.019999999999999973
1270.0	0.020099999999999972
1271.0	0.020099999999999972
1272.0	0.01979999999999997
1273.0	0.019599999999999968
1274.0	0.01939999999999997
1275.0	0.01929999999999997
1276.0	0.01929999999999997
1277.0	0.01929999999999997
1278.0	0.01929999999999997
1279.0	0.01929999999999997
1280.0	0.019099999999999968
1281.0	0.01899999999999997
1282.0	0.01899999999999997
1283.0	0.01899999999999997
1284.0	0.01899999999999997
1285.0	0.01929999999999997
1286.0	0.01929999999999997
1287.0	0.01899999999999997
1288.0	0.01899999999999997
1289.0	0.01899999999999997
1290.0	0.01879999999999997
1291.0	0.018699999999999967
1292.0	0.018499999999999968
1293.0	0.018699999999999967
1294.0	0.018499999999999968
1295.0	0.01839999999999997
1296.0	0.018499999999999968
1297.0	0.018499999999999968
1298.0	0.01879999999999997
1299.0	0.018699999999999967
1300.0	0.018499999999999968
1301.0	0.018599999999999967
1302.0	0.018599999999999967
1303.0	0.018699999999999967
1304.0	0.01839999999999997
1305.0	0.01829999999999997
1306.0	0.018099999999999967
1307.0	0.017899999999999968
1308.0	0.018199999999999966
1309.0	0.018199999999999966
1310.0	0.01829999999999997
1311.0	0.01839999999999997
1312.0	0.01839999999999997
1313.0	0.01839999999999997
1314.0	0.018199999999999966
1315.0	0.018499999999999968
1316.0	0.018699999999999967
1317.0	0.01839999999999997
1318.0	0.018199999999999966
1319.0	0.01839999999999997
1320.0	0.01839999999999997
1321.0	0.01839999999999997
1322.0	0.01829999999999997
1323.0	0.018099999999999967
1324.0	0.01779999999999997
1325.0	0.017399999999999968
1326.0	0.017299999999999968
1327.0	0.017199999999999965
1328.0	0.017199999999999965
1329.0	0.017299999999999968
1330.0	0.017299999999999968
1331.0	0.017599999999999966
1332.0	0.017599999999999966
1333.0	0.017299999999999968
1334.0	0.017499999999999967
1335.0	0.017599999999999966
1336.0	0.017699999999999966
1337.0	0.017399999999999968
1338.0	0.017399999999999968
1339.0	0.017599999999999966
1340.0	0.017499999999999967
1341.0	0.017499999999999967
1342.0	0.017399999999999968
1343.0	0.017199999999999965
1344.0	0.017299999999999968
1345.0	0.017399999999999968
1346.0	0.017299999999999968
1347.0	0.017199999999999965
1348.0	0.017199999999999965
1349.0	0.016999999999999967
1350.0	0.017199999999999965
1351.0	0.017499999999999967
1352.0	0.01779999999999997
1353.0	0.017999999999999967
1354.0	0.018099999999999967
1355.0	0.017899999999999968
1356.0	0.017899999999999968
1357.0	0.017899999999999968
1358.0	0.017599999999999966
1359.0	0.017999999999999967
1360.0	0.017999999999999967
1361.0	0.018099999999999967
1362.0	0.018099999999999967
1363.0	0.01829999999999997
1364.0	0.01839999999999997
1365.0	0.01829999999999997
1366.0	0.01829999999999997
1367.0	0.018199999999999966
1368.0	0.018199999999999966
1369.0	0.018199999999999966
1370.0	0.017999999999999967
1371.0	0.018099999999999967
1372.0	0.018099999999999967
1373.0	0.018199999999999966
1374.0	0.01829999999999997
1375.0	0.01839999999999997
1376.0	0.018699999999999967
1377.0	0.018699999999999967
1378.0	0.01879999999999997
1379.0	0.019099999999999968
1380.0	0.01899999999999997
1381.0	0.01889999999999997
1382.0	0.019199999999999967
1383.0	0.01939999999999997
1384.0	0.01949999999999997
1385.0	0.01929999999999997
1386.0	0.019599999999999968
1387.0	0.019699999999999968
1388.0	0.019799999999999967
1389.0	0.019899999999999966
1390.0	0.020199999999999968
1391.0	0.020199999999999968
1392.0	0.020299999999999967
1393.0	0.019999999999999966
1394.0	0.019999999999999966
1395.0	0.020099999999999965
1396.0	0.019999999999999966
1397.0	0.019999999999999962
1398.0	0.01969999999999996
1399.0	0.019799999999999963
1400.0	0.01969999999999996
1401.0	0.01959999999999996
1402.0	0.019899999999999963
1403.0	0.02009999999999996
1404.0	0.020399999999999963
1405.0	0.020499999999999963
1406.0	0.020299999999999964
1407.0	0.02019999999999996
1408.0	0.020299999999999964
1409.0	0.020299999999999964
1410.0	0.020299999999999964
1411.0	0.02019999999999996
1412.0	0.020099999999999958
1413.0	0.02019999999999996
1414.0	0.020499999999999963
1415.0	0.020299999999999964
1416.0	0.020199999999999965
1417.0	0.020299999999999964
1418.0	0.020599999999999966
1419.0	0.020599999999999966
1420.0	0.020499999999999966
1421.0	0.020499999999999966
1422.0	0.020499999999999966
1423.0	0.02039999999999997
1424.0	0.02039999999999997
1425.0	0.02059999999999997
1426.0	0.020699999999999972
1427.0	0.020699999999999972
1428.0	0.020799999999999975
1429.0	0.020699999999999975
1430.0	0.020699999999999975
1431.0	0.020399999999999974
1432.0	0.020499999999999977
1433.0	0.020799999999999975
1434.0	0.020499999999999973
1435.0	0.02039999999999997
1436.0	0.02059999999999997
1437.0	0.020699999999999972
1438.0	0.020799999999999975
1439.0	0.020499999999999973
1440.0	0.02029999999999997
1441.0	0.020399999999999974
1442.0	0.020399999999999974
1443.0	0.020599999999999972
1444.0	0.020499999999999973
1445.0	0.020199999999999968
1446.0	0.02029999999999997
1447.0	0.02029999999999997
1448.0	0.020599999999999972
1449.0	0.02089999999999997
1450.0	0.02089999999999997
1451.0	0.02059999999999997
1452.0	0.020299999999999967
1453.0	0.019999999999999966
1454.0	0.019899999999999963
1455.0	0.019999999999999962
1456.0	0.01969999999999996
1457.0	0.01969999999999996
1458.0	0.019999999999999962
1459.0	0.01959999999999996
1460.0	0.01959999999999996
1461.0	0.01969999999999996
1462.0	0.01969999999999996
1463.0	0.019399999999999962
1464.0	0.019499999999999962
1465.0	0.01959999999999996
1466.0	0.019299999999999963
1467.0	0.019299999999999963
1468.0	0.01909999999999996
1469.0	0.01919999999999996
1470.0	0.019399999999999962
1471.0	0.01909999999999996
1472.0	0.019299999999999963
1473.0	0.01919999999999996
1474.0	0.01909999999999996
1475.0	0.018799999999999963
1476.0	0.01859999999999996
1477.0	0.01869999999999996
1478.0	0.01869999999999996
1479.0	0.01859999999999996
1480.0	0.018799999999999963
1481.0	0.018799999999999963
1482.0	0.01849999999999996
1483.0	0.01819999999999996
1484.0	0.01819999999999996
1485.0	0.01809999999999996
1486.0	0.01789999999999996
1487.0	0.01799999999999996
1488.0	0.01759999999999996
1489.0	0.01749999999999996
1490.0	0.01749999999999996
1491.0	0.01749999999999996
1492.0	0.01729999999999996
1493.0	0.01739999999999996
1494.0	0.01739999999999996
1495.0	0.01739999999999996
1496.0	0.01729999999999996
1497.0	0.01759999999999996
1498.0	0.01769999999999996
1499.0	0.01759999999999996
1500.0	0.01769999999999996
1501.0	0.01769999999999996
1502.0	0.01759999999999996
1503.0	0.01749999999999996
1504.0	0.01749999999999996
1505.0	0.01729999999999996
1506.0	0.01759999999999996
1507.0	0.01789999999999996
1508.0	0.01789999999999996
1509.0	0.01789999999999996
1510.0	0.01799999999999996
1511.0	0.01799999999999996
1512.0	0.01799999999999996
1513.0	0.01799999999999996
1514.0	0.01769999999999996
1515.0	0.01759999999999996
1516.0	0.01779999999999996
1517.0	0.01809999999999996
1518.0	0.01809999999999996
1519.0	0.01789999999999996
1520.0	0.01799999999999996
1521.0	0.01819999999999996
1522.0	0.01819999999999996
1523.0	0.018299999999999962
1524.0	0.018299999999999962
1525.0	0.01819999999999996
1526.0	0.01789999999999996
1527.0	0.01779999999999996
1528.0	0.01769999999999996
1529.0	0.01779999999999996
1530.0	0.01779999999999996
1531.0	0.01779999999999996
1532.0	0.01779999999999996
1533.0	0.01769999999999996
1534.0	0.01779999999999996
1535.0	0.01799999999999996
1536.0	0.01779999999999996
1537.0	0.01759999999999996
1538.0	0.01779999999999996
1539.0	0.01769999999999996
1540.0	0.01769999999999996
1541.0	0.01769999999999996
1542.0	0.01779999999999996
1543.0	0.01769999999999996
1544.0	0.01759999999999996
1545.0	0.01769999999999996
1546.0	0.01789999999999996
1547.0	0.01799999999999996
1548.0	0.01769999999999996
1549.0	0.01779999999999996
1550.0	0.01759999999999996
1551.0	0.01769999999999996
1552.0	0.01769999999999996
1553.0	0.01769999999999996
1554.0	0.01769999999999996
1555.0	0.01759999999999996
1556.0	0.01779999999999996
1557.0	0.01779999999999996
1558.0	0.01759999999999996
1559.0	0.01769999999999996
1560.0	0.01749999999999996
1561.0	0.01739999999999996
1562.0	0.01739999999999996
1563.0	0.01769999999999996
1564.0	0.01749999999999996
1565.0	0.01739999999999996
1566.0	0.01739999999999996
1567.0	0.01739999999999996
1568.0	0.01749999999999996
1569.0	0.01739999999999996
1570.0	0.01749999999999996
1571.0	0.01749999999999996
1572.0	0.01719999999999996
1573.0	0.01719999999999996
1574.0	0.01749999999999996
1575.0	0.01749999999999996
1576.0	0.01729999999999996
1577.0	0.01729999999999996
1578.0	0.01719999999999996
1579.0	0.01689999999999996
1580.0	0.016699999999999958
1581.0	0.01699999999999996
1582.0	0.01719999999999996
1583.0	0.01719999999999996
1584.0	0.01709999999999996
1585.0	0.01709999999999996
1586.0	0.01699999999999996
1587.0	0.01709999999999996
1588.0	0.01729999999999996
1589.0	0.01759999999999996
1590.0	0.01749999999999996
1591.0	0.01749999999999996
1592.0	0.01759999999999996
1593.0	0.01759999999999996
1594.0	0.01759999999999996
1595.0	0.01789999999999996
1596.0	0.01819999999999996
1597.0	0.01799999999999996
1598.0	0.01799999999999996
1599.0	0.01799999999999996
1600.0	0.01799999999999996
1601.0	0.01799999999999996
1602.0	0.01769999999999996
1603.0	0.01759999999999996
1604.0	0.01729999999999996
1605.0	0.01749999999999996
1606.0	0.01729999999999996
1607.0	0.01699999999999996
1608.0	0.016699999999999958
1609.0	0.016699999999999958
1610.0	0.01649999999999996
1611.0	0.01649999999999996
1612.0	0.01639999999999996
1613.0	0.01629999999999996
1614.0	0.01629999999999996
1615.0	0.01629999999999996
1616.0	0.01599999999999996
1617.0	0.015699999999999957
1618.0	0.015399999999999959
1619.0	0.015299999999999958
1620.0	0.015399999999999959
1621.0	0.014999999999999958
1622.0	0.015099999999999957
1623.0	0.014999999999999958
1624.0	0.015199999999999958
1625.0	0.015199999999999958
1626.0	0.015499999999999958
1627.0	0.01579999999999996
1628.0	0.01579999999999996
1629.0	0.015599999999999958
1630.0	0.015599999999999958
1631.0	0.015599999999999958
1632.0	0.015699999999999957
1633.0	0.015599999999999958
1634.0	0.015499999999999958
1635.0	0.015299999999999958
1636.0	0.015399999999999959
1637.0	0.015499999999999958
1638.0	0.015399999999999959
1639.0	0.015599999999999958
1640.0	0.015599999999999958
1641.0	0.015399999999999959
1642.0	0.015499999999999958
1643.0	0.015399999999999959
1644.0	0.015399999999999959
1645.0	0.015399999999999959
1646.0	0.015199999999999958
1647.0	0.015099999999999957
1648.0	0.015299999999999958
1649.0	0.015199999999999958
1650.0	0.015299999999999958
1651.0	0.015099999999999957
1652.0	0.015299999999999958
1653.0	0.015299999999999958
1654.0	0.015499999999999958
1655.0	0.015499999999999958
1656.0	0.015299999999999958
1657.0	0.015199999999999958
1658.0	0.015399999999999959
1659.0	0.015399999999999959
1660.0	0.015399999999999959
1661.0	0.015399999999999959
1662.0	0.015699999999999957
1663.0	0.015499999999999958
1664.0	0.015699999999999957
1665.0	0.01579999999999996
1666.0	0.01579999999999996
1667.0	0.01579999999999996
1668.0	0.015699999999999957
1669.0	0.01599999999999996
1670.0	0.01599999999999996
1671.0	0.01639999999999996
1672.0	0.01659999999999996
1673.0	0.01659999999999996
1674.0	0.01629999999999996
1675.0	0.01649999999999996
1676.0	0.01689999999999996
1677.0	0.01679999999999996
1678.0	0.01699999999999996
1679.0	0.01709999999999996
1680.0	0.01699999999999996
1681.0	0.01689999999999996
1682.0	0.01679999999999996
1683.0	0.01689999999999996
1684.0	0.01709999999999996
1685.0	0.01699999999999996
1686.0	0.01699999999999996
1687.0	0.01699999999999996
1688.0	0.01709999999999996
1689.0	0.01709999999999996
1690.0	0.01719999999999996
1691.0	0.01749999999999996
1692.0	0.01769999999999996
1693.0	0.01789999999999996
1694.0	0.01789999999999996
1695.0	0.01759999999999996
1696.0	0.01769999999999996
1697.0	0.01789999999999996
1698.0	0.01779999999999996
1699.0	0.01779999999999996
1700.0	0.01809999999999996
1701.0	0.01809999999999996
1702.0	0.01819999999999996
1703.0	0.01809999999999996
1704.0	0.01839999999999996
1705.0	0.01809999999999996
1706.0	0.01799999999999996
1707.0	0.01789999999999996
1708.0	0.01819999999999996
1709.0	0.01809999999999996
1710.0	0.01809999999999996
1711.0	0.01809999999999996
1712.0	0.01839999999999996
1713.0	0.01869999999999996
1714.0	0.01869999999999996
1715.0	0.01869999999999996
1716.0	0.018899999999999962
1717.0	0.018899999999999962
1718.0	0.01899999999999996
1719.0	0.01909999999999996
1720.0	0.01899999999999996
1721.0	0.01919999999999996
1722.0	0.019399999999999962
1723.0	0.019499999999999962
1724.0	0.019399999999999962
1725.0	0.019399999999999962
1726.0	0.01909999999999996
1727.0	0.018899999999999962
1728.0	0.018899999999999962
1729.0	0.01909999999999996
1730.0	0.01909999999999996
1731.0	0.01909999999999996
1732.0	0.018899999999999962
1733.0	0.018899999999999962
1734.0	0.018799999999999963
1735.0	0.018899999999999962
1736.0	0.018799999999999963
1737.0	0.018799999999999963
1738.0	0.01859999999999996
1739.0	0.01849999999999996
1740.0	0.01849999999999996
1741.0	0.018899999999999962
1742.0	0.01869999999999996
1743.0	0.01869999999999996
1744.0	0.01869999999999996
1745.0	0.01869999999999996
1746.0	0.01869999999999996
1747.0	0.01859999999999996
1748.0	0.018299999999999962
1749.0	0.01809999999999996
1750.0	0.01809999999999996
1751.0	0.01819999999999996
1752.0	0.01799999999999996
1753.0	0.01799999999999996
1754.0	0.01779999999999996
1755.0	0.01769999999999996
1756.0	0.01769999999999996
1757.0	0.01779999999999996
1758.0	0.01759999999999996
1759.0	0.01769999999999996
1760.0	0.01779999999999996
1761.0	0.01789999999999996
1762.0	0.01759999999999996
1763.0	0.01769999999999996
1764.0	0.01739999999999996
1765.0	0.01759999999999996
1766.0	0.01769999999999996
1767.0	0.01789999999999996
1768.0	0.01809999999999996
1769.0	0.01779999999999996
1770.0	0.01749999999999996
1771.0	0.01719999999999996
1772.0	0.01709999999999996
1773.0	0.01699999999999996
1774.0	0.01709999999999996
1775.0	0.01689999999999996
1776.0	0.01649999999999996
1777.0	0.016699999999999958
1778.0	0.016699999999999958
1779.0	0.01689999999999996
1780.0	0.01699999999999996
1781.0	0.016699999999999958
1782.0	0.01659999999999996
1783.0	0.01649999999999996
1784.0	0.01659999999999996
1785.0	0.016699999999999958
1786.0	0.01679999999999996
1787.0	0.01659999999999996
1788.0	0.01649999999999996
1789.0	0.01629999999999996
1790.0	0.016199999999999957
1791.0	0.01589999999999996
1792.0	0.015699999999999957
1793.0	0.01579999999999996
1794.0	0.01579999999999996
1795.0	0.01599999999999996
1796.0	0.015699999999999957
1797.0	0.015399999999999959
1798.0	0.015399999999999959
1799.0	0.015299999999999958
1800.0	0.014999999999999958
1801.0	0.015299999999999958
1802.0	0.015299999999999958
1803.0	0.015199999999999958
1804.0	0.014899999999999958
1805.0	0.014999999999999958
1806.0	0.015299999999999958
1807.0	0.015699999999999957
1808.0	0.015599999999999958
1809.0	0.015699999999999957
1810.0	0.01579999999999996
1811.0	0.01589999999999996
1812.0	0.015699999999999957
1813.0	0.015399999999999959
1814.0	0.015599999999999958
1815.0	0.01589999999999996
1816.0	0.01579999999999996
1817.0	0.01579999999999996
1818.0	0.01579999999999996
1819.0	0.01589999999999996
1820.0	0.016099999999999958
1821.0	0.016199999999999957
1822.0	0.01599999999999996
1823.0	0.01599999999999996
1824.0	0.01599999999999996
1825.0	0.016099999999999958
1826.0	0.016099999999999958
1827.0	0.01599999999999996
1828.0	0.01599999999999996
1829.0	0.016099999999999958
1830.0	0.01639999999999996
1831.0	0.01649999999999996
1832.0	0.01649999999999996
1833.0	0.01649999999999996
1834.0	0.01689999999999996
1835.0	0.01699999999999996
1836.0	0.01709999999999996
1837.0	0.01719999999999996
1838.0	0.01719999999999996
1839.0	0.01739999999999996
1840.0	0.01729999999999996
1841.0	0.01699999999999996
1842.0	0.01709999999999996
1843.0	0.01709999999999996
1844.0	0.01719999999999996
1845.0	0.01719999999999996
1846.0	0.01709999999999996
1847.0	0.01749999999999996
1848.0	0.01769999999999996
1849.0	0.01769999999999996
1850.0	0.01779999999999996
1851.0	0.01769999999999996
1852.0	0.01789999999999996
1853.0	0.01809999999999996
1854.0	0.01809999999999996
1855.0	0.01819999999999996
1856.0	0.01819999999999996
1857.0	0.01849999999999996
1858.0	0.01839999999999996
1859.0	0.01859999999999996
1860.0	0.01859999999999996
1861.0	0.01849999999999996
1862.0	0.018799999999999963
1863.0	0.01899999999999996
1864.0	0.01909999999999996
1865.0	0.018899999999999962
1866.0	0.018899999999999962
1867.0	0.018799999999999963
1868.0	0.018899999999999962
1869.0	0.018899999999999962
1870.0	0.018899999999999962
1871.0	0.01909999999999996
1872.0	0.01899999999999996
1873.0	0.01909999999999996
1874.0	0.018899999999999962
1875.0	0.01909999999999996
1876.0	0.019399999999999962
1877.0	0.01919999999999996
1878.0	0.01899999999999996
1879.0	0.018899999999999962
1880.0	0.01909999999999996
1881.0	0.019399999999999962
1882.0	0.019499999999999962
1883.0	0.019499999999999962
1884.0	0.019299999999999963
1885.0	0.019299999999999963
1886.0	0.019499999999999962
1887.0	0.019799999999999963
1888.0	0.01969999999999996
1889.0	0.019899999999999963
1890.0	0.01969999999999996
1891.0	0.019999999999999962
1892.0	0.019899999999999963
1893.0	0.019499999999999962
1894.0	0.019799999999999963
1895.0	0.01969999999999996
1896.0	0.019799999999999963
1897.0	0.019799999999999963
1898.0	0.019799999999999963
1899.0	0.019999999999999962
1900.0	0.02009999999999996
1901.0	0.01969999999999996
1902.0	0.019999999999999962
1903.0	0.02039999999999996
1904.0	0.02039999999999996
1905.0	0.020299999999999964
1906.0	0.02009999999999996
1907.0	0.01979999999999996
1908.0	0.01969999999999996
1909.0	0.01979999999999996
1910.0	0.01999999999999996
1911.0	0.020099999999999958
1912.0	0.02019999999999996
1913.0	0.02019999999999996
1914.0	0.020299999999999964
1915.0	0.01999999999999996
1916.0	0.01989999999999996
1917.0	0.020099999999999958
1918.0	0.020099999999999958
1919.0	0.019999999999999955
1920.0	0.019799999999999953
1921.0	0.019799999999999953
1922.0	0.019799999999999953
1923.0	0.019799999999999953
1924.0	0.019699999999999954
1925.0	0.019599999999999954
1926.0	0.019599999999999954
1927.0	0.019599999999999954
1928.0	0.019699999999999954
1929.0	0.019599999999999954
1930.0	0.019199999999999953
1931.0	0.01899999999999995
1932.0	0.019299999999999953
1933.0	0.019299999999999953
1934.0	0.01899999999999995
1935.0	0.018799999999999952
1936.0	0.018799999999999952
1937.0	0.018699999999999953
1938.0	0.01899999999999995
1939.0	0.018799999999999952
1940.0	0.01889999999999995
1941.0	0.01889999999999995
1942.0	0.018799999999999952
1943.0	0.018699999999999953
1944.0	0.018599999999999953
1945.0	0.01849999999999995
1946.0	0.018699999999999953
1947.0	0.01849999999999995
1948.0	0.01829999999999995
1949.0	0.018199999999999952
1950.0	0.018099999999999953
1951.0	0.01839999999999995
1952.0	0.018199999999999952
1953.0	0.018099999999999953
1954.0	0.018099999999999953
1955.0	0.018199999999999952
1956.0	0.01849999999999995
1957.0	0.018199999999999952
1958.0	0.01829999999999995
1959.0	0.01799999999999995
1960.0	0.01779999999999995
1961.0	0.01779999999999995
1962.0	0.017599999999999952
1963.0	0.01729999999999995
1964.0	0.017599999999999952
1965.0	0.01749999999999995
1966.0	0.01739999999999995
1967.0	0.01739999999999995
1968.0	0.017099999999999952
1969.0	0.01719999999999995
1970.0	0.01739999999999995
1971.0	0.01719999999999995
1972.0	0.01719999999999995
1973.0	0.01749999999999995
1974.0	0.017599999999999952
1975.0	0.017699999999999952
1976.0	0.01749999999999995
1977.0	0.01739999999999995
1978.0	0.01749999999999995
1979.0	0.01749999999999995
