0.0	0.18181818181818182
1.0	0.09090909090909091
2.0	1.0606060606060606
3.0	0.7954545454545454
4.0	0.6506493506493507
5.0	0.8130411255411255
6.0	0.7445114409400123
7.0	1.0264475108225106
8.0	0.9123977873977872
9.0	1.1211580086580084
10.0	1.0541995882904973
11.0	0.9663496225996225
12.0	0.8920150362458054
13.0	1.0425853907996765
14.0	0.973079698079698
15.0	0.9122622169497169
16.0	0.8670030949442713
17.0	0.8238867613867613
18.0	0.7936821949979844
19.0	0.7539980852480852
20.0	0.7419029383315097
21.0	0.7081800774982593
22.0	0.6822205572205572
23.0	0.6537947006697006
24.0	0.6356429126429126
25.0	0.7183379654533499
26.0	0.6917328556217444
27.0	0.6670281107781106
28.0	0.7474754173030034
29.0	0.8225595700595699
30.0	0.796025390380229
31.0	0.7711495969308468
32.0	0.7477814273268818
33.0	0.7299895366071836
34.0	0.7201217036931321
35.0	0.7035905452572118
36.0	0.7116016116016115
37.0	0.7718226218226217
38.0	0.8289553751092211
39.0	0.8368029193029193
40.0	0.816393092002848
41.0	0.8116071758928901
42.0	0.7927325904070089
43.0	0.8428977588068496
44.0	0.8241666975000308
45.0	0.8062500301630735
46.0	0.8444149231383273
47.0	0.8569155381655381
48.0	0.8394274659580782
49.0	0.8569246309246309
50.0	0.8417561741091153
51.0	0.842052071859764
52.0	0.8604696142431991
53.0	0.8445349917572139
54.0	0.841301022210113
55.0	0.8276514160442732
56.0	0.8613768297978824
57.0	0.8479622867553902
58.0	0.8844375022341124
59.0	0.9196968771968772
60.0	0.9046198792100432
61.0	0.8948679456743973
62.0	0.8930093715808002
63.0	0.8998894334831835
64.0	0.8911731857885705
65.0	0.8814584405493497
66.0	0.8697948817351803
67.0	0.8596775773246362
68.0	0.8906967428706559
69.0	0.8922582179725037
70.0	0.887739490556392
71.0	0.9109036025702691
72.0	0.8984254710282107
73.0	0.8879737754737754
74.0	0.876134125134125
75.0	0.8656181902892429
76.0	0.8713594125931788
77.0	0.8778163432009586
78.0	0.8831604401224654
79.0	0.9068431568431568
80.0	0.9115205781872447
81.0	0.9247947174776443
82.0	0.9351672423961581
83.0	0.9270104895104895
84.0	0.9171740024681202
85.0	0.9413929094161653
86.0	0.9602657878519948
87.0	0.9493536766264039
88.0	0.9412796940886828
89.0	0.9308210308210307
90.0	0.9221620869972518
91.0	0.9284429338777164
92.0	0.9238360206102141
93.0	0.9159422138145542
94.0	0.9063007168270326
95.0	0.8968600843600844
96.0	0.9185419391604959
97.0	0.9275364091690621
98.0	0.9181673545309909
99.0	0.9112079032079032
100.0	0.9093897213897213
101.0	0.9122468642468643
102.0	0.8822468642468643
103.0	0.8847468642468642
104.0	0.8847468642468642
105.0	0.8709968642468643
106.0	0.8736635309135309
107.0	0.8436635309135309
108.0	0.8444968642468642
109.0	0.8144968642468642
110.0	0.8116507104007102
111.0	0.8166507104007102
112.0	0.8166507104007102
113.0	0.7937935675435673
114.0	0.7950435675435673
115.0	0.7964721389721388
116.0	0.7950435675435673
117.0	0.795672938172938
118.0	0.793172938172938
119.0	0.823172938172938
120.0	0.8226173826173825
121.0	0.8246173826173825
122.0	0.8235062715062713
123.0	0.8515062715062713
124.0	0.8633524253524252
125.0	0.8384952824952822
126.0	0.8394043734043731
127.0	0.8394043734043731
128.0	0.8094043734043731
129.0	0.7860710400710399
130.0	0.7860710400710399
131.0	0.8160710400710398
132.0	0.8460710400710398
133.0	0.8457535797535796
134.0	0.8460740925740925
135.0	0.8448240925740924
136.0	0.8648240925740924
137.0	0.8348240925740924
138.0	0.8075513653013651
139.0	0.798345016095016
140.0	0.798345016095016
141.0	0.8221911699411699
142.0	0.8231002608502608
143.0	0.7931002608502609
144.0	0.8115617993117992
145.0	0.8132284659784659
146.0	0.787228465978466
147.0	0.7897840215340216
148.0	0.7897840215340216
149.0	0.7887950105450107
150.0	0.789628343878344
151.0	0.7810569153069155
152.0	0.7662084304584306
153.0	0.7662084304584306
154.0	0.760652874902875
155.0	0.7598836441336442
156.0	0.7323836441336442
157.0	0.731550310800311
158.0	0.7048836441336442
159.0	0.6748836441336442
160.0	0.7048836441336442
161.0	0.718550310800311
162.0	0.7107725330225333
163.0	0.6999391996891999
164.0	0.6966058663558666
165.0	0.6951058663558666
166.0	0.6941058663558667
167.0	0.6947876845376848
168.0	0.6919305416805419
169.0	0.6841527639027641
170.0	0.6955813353313356
171.0	0.67002577977578
172.0	0.67002577977578
173.0	0.66877577977578
174.0	0.66877577977578
175.0	0.6980065490065492
176.0	0.6849296259296261
177.0	0.7011796259296261
178.0	0.6890887168387171
179.0	0.6641680819180823
180.0	0.6713109390609394
181.0	0.6579776057276061
182.0	0.6410295537795541
183.0	0.6460295537795541
184.0	0.6631204628704631
185.0	0.6345490342990345
186.0	0.6187157009657012
187.0	0.6187157009657012
188.0	0.6164080086580088
189.0	0.6184080086580088
190.0	0.6469794372294375
191.0	0.6342016594516597
192.0	0.6392016594516597
193.0	0.6580977633477636
194.0	0.6580977633477636
195.0	0.6580977633477636
196.0	0.6288669941169944
197.0	0.6119781052281056
198.0	0.6119781052281056
199.0	0.6097558830058833
200.0	0.6097558830058833
201.0	0.6068987401487405
202.0	0.6068987401487405
203.0	0.6343987401487405
204.0	0.6636844544344548
205.0	0.6654701687201691
206.0	0.6605812798312803
207.0	0.6605812798312803
208.0	0.6604622322122328
209.0	0.6904622322122327
210.0	0.6950177877677883
211.0	0.6933511211011216
212.0	0.6933511211011216
213.0	0.6869774947274954
214.0	0.6857274947274954
215.0	0.714298923298924
216.0	0.714298923298924
217.0	0.7127604617604624
218.0	0.7144271284271291
219.0	0.6877604617604623
220.0	0.6908160173160179
221.0	0.6911237096237102
222.0	0.6911237096237102
223.0	0.6701237096237103
224.0	0.6562775557775563
225.0	0.6566108891108897
226.0	0.6557017982017987
227.0	0.6595479520479526
228.0	0.6595479520479526
229.0	0.6762146187146192
230.0	0.6792915417915423
231.0	0.6632915417915423
232.0	0.6332915417915423
233.0	0.6321804306804312
234.0	0.6280137640137645
235.0	0.6287280497280502
236.0	0.6003947163947169
237.0	0.6032518592518596
238.0	0.6027468087468092
239.0	0.600524586524587
240.0	0.6167745865245869
241.0	0.5917745865245869
242.0	0.5941988289488294
243.0	0.5941988289488294
244.0	0.5757372904872909
245.0	0.5770706238206242
246.0	0.5783206238206242
247.0	0.5620349095349099
248.0	0.5620349095349099
249.0	0.5458810633810638
250.0	0.5742143967143971
251.0	0.5767143967143972
252.0	0.6033810633810638
253.0	0.6272272172272176
254.0	0.6327827727827732
255.0	0.6383383283383287
256.0	0.6397668997669002
257.0	0.6413053613053618
258.0	0.6379720279720283
259.0	0.6379720279720283
260.0	0.609638694638695
261.0	0.5954720279720284
262.0	0.5954720279720284
263.0	0.5940831390831395
264.0	0.5965831390831395
265.0	0.5955831390831395
266.0	0.5955831390831395
267.0	0.6230831390831395
268.0	0.6159402819402824
269.0	0.6148291708291712
270.0	0.6276863136863141
271.0	0.6314363136863141
272.0	0.6360516983016987
273.0	0.6367659840159844
274.0	0.6392659840159844
275.0	0.6342659840159844
276.0	0.6342659840159844
277.0	0.6053770951270956
278.0	0.6044680042180046
279.0	0.6032775280275284
280.0	0.5943886391386396
281.0	0.6060553058053063
282.0	0.6051462148962153
283.0	0.6046462148962154
284.0	0.5878962148962154
285.0	0.5881343101343106
286.0	0.5781343101343106
287.0	0.5781343101343106
288.0	0.5781343101343106
289.0	0.6061343101343105
290.0	0.5771343101343106
291.0	0.5824120879120883
292.0	0.5974120879120883
293.0	0.5781263736263741
294.0	0.5791263736263741
295.0	0.581983516483517
296.0	0.5812142857142861
297.0	0.5851031746031751
298.0	0.5851031746031751
299.0	0.589103174603175
300.0	0.589103174603175
301.0	0.589103174603175
302.0	0.589103174603175
303.0	0.5606416361416365
304.0	0.5331416361416366
305.0	0.5288559218559222
306.0	0.527744810744811
307.0	0.5337448107448111
308.0	0.5340305250305254
309.0	0.5062527472527476
310.0	0.5306971916971921
311.0	0.528197191697192
312.0	0.528197191697192
313.0	0.5274279609279613
314.0	0.5319734154734158
315.0	0.5034019869019872
316.0	0.5034019869019872
317.0	0.5284019869019873
318.0	0.5538781773781778
319.0	0.5505448440448444
320.0	0.549711510711511
321.0	0.5474038184038187
322.0	0.5729593739593742
323.0	0.5659593739593742
324.0	0.5676260406260409
325.0	0.5642927072927075
326.0	0.5928641358641361
327.0	0.604732267732268
328.0	0.604732267732268
329.0	0.5822322677322679
330.0	0.5814630369630371
331.0	0.5674630369630372
332.0	0.5688916083916087
333.0	0.5713916083916086
334.0	0.5713916083916086
335.0	0.600677322677323
336.0	0.5990106560106563
337.0	0.6081535131535135
338.0	0.6069312909312913
339.0	0.6155027195027198
340.0	0.6059193861693865
341.0	0.6023479575979579
342.0	0.6001257353757358
343.0	0.6286971639471642
344.0	0.6296971639471642
345.0	0.6266971639471643
346.0	0.6397328782328786
347.0	0.6390185925185929
348.0	0.642018592518593
349.0	0.6430185925185928
350.0	0.6140185925185928
351.0	0.6127685925185928
352.0	0.6127685925185928
353.0	0.5889224386724389
354.0	0.5922557720057723
355.0	0.5933668831168833
356.0	0.5919383116883119
357.0	0.6203998501498503
358.0	0.6203998501498503
359.0	0.6203998501498503
360.0	0.6245665168165171
361.0	0.622066516816517
362.0	0.6258165168165171
363.0	0.6327054057054059
364.0	0.6302054057054058
365.0	0.6302054057054058
366.0	0.6602054057054059
367.0	0.6302054057054058
368.0	0.6393720723720726
369.0	0.6382609612609614
370.0	0.6257609612609615
371.0	0.6220109612609614
372.0	0.6307289099789102
373.0	0.6325146242646246
374.0	0.6533479575979578
375.0	0.6283479575979578
376.0	0.6291171883671887
377.0	0.6392560772560775
378.0	0.6392560772560775
379.0	0.6666803196803198
380.0	0.6855692085692087
381.0	0.6759858752358754
382.0	0.6759858752358754
383.0	0.6689858752358754
384.0	0.6944025419025421
385.0	0.6944025419025421
386.0	0.706220723720724
387.0	0.706220723720724
388.0	0.7073318348318351
389.0	0.6773318348318351
390.0	0.7063318348318351
391.0	0.6988318348318352
392.0	0.6738318348318352
393.0	0.6724032634032637
394.0	0.6714032634032638
395.0	0.668546120546121
396.0	0.6702127872127877
397.0	0.668546120546121
398.0	0.6818794538794541
399.0	0.6778794538794541
400.0	0.6828794538794541
401.0	0.6828794538794541
402.0	0.6828794538794541
403.0	0.6813409923409925
404.0	0.7058409923409925
405.0	0.7247298812298815
406.0	0.7547298812298814
407.0	0.7487298812298815
408.0	0.7488409923409927
409.0	0.7466187701187704
410.0	0.7166187701187704
411.0	0.715785436785437
412.0	0.715785436785437
413.0	0.715785436785437
414.0	0.7212399822399825
415.0	0.7248114108114112
416.0	0.7255256965256969
417.0	0.7005256965256969
418.0	0.6824737484737489
419.0	0.6847814407814411
420.0	0.7081147741147744
421.0	0.7081147741147744
422.0	0.6981147741147744
423.0	0.7103369963369967
424.0	0.70992032967033
425.0	0.70992032967033
426.0	0.7113489010989014
427.0	0.6956346153846157
428.0	0.6956346153846157
429.0	0.6958012820512823
430.0	0.7034935897435901
431.0	0.7042628205128209
432.0	0.7028342490842495
433.0	0.7003342490842495
434.0	0.7003342490842495
435.0	0.6717628205128209
436.0	0.7017628205128209
437.0	0.6897628205128208
438.0	0.6909850427350431
439.0	0.6835247252747257
440.0	0.6775723443223447
441.0	0.6861437728937733
442.0	0.6850326617826622
443.0	0.6607469474969478
444.0	0.6605161782661787
445.0	0.6730161782661788
446.0	0.6587304639804644
447.0	0.6687304639804644
448.0	0.6746193528693533
449.0	0.6736193528693534
450.0	0.6726193528693534
451.0	0.6713693528693534
452.0	0.6413693528693534
453.0	0.6413693528693534
454.0	0.6313693528693534
455.0	0.6389884004884011
456.0	0.6389884004884011
457.0	0.6089884004884011
458.0	0.6126247641247647
459.0	0.6133390498390504
460.0	0.6110771450771456
461.0	0.614410478410479
462.0	0.6131604784104789
463.0	0.605160478410479
464.0	0.605160478410479
465.0	0.6068271450771456
466.0	0.580160478410479
467.0	0.580160478410479
468.0	0.5517630425130432
469.0	0.5524773282273289
470.0	0.5357465589965597
471.0	0.5357465589965597
472.0	0.5235243367743374
473.0	0.5210243367743375
474.0	0.5062624320124326
475.0	0.5062624320124326
476.0	0.5229932012432018
477.0	0.5157432012432018
478.0	0.5157432012432018
479.0	0.48831895881895937
480.0	0.48831895881895937
481.0	0.4795689588189594
482.0	0.4795689588189594
483.0	0.4795689588189594
484.0	0.4529022921522927
485.0	0.4512356254856261
486.0	0.44052855477855546
487.0	0.4638618881118888
488.0	0.4927507770007777
489.0	0.4944174436674443
490.0	0.4944174436674443
491.0	0.4944174436674443
492.0	0.4944174436674443
493.0	0.49858411033411093
494.0	0.5019174436674443
495.0	0.5029174436674443
496.0	0.5012507770007777
497.0	0.49791744366744434
498.0	0.484584110334111
499.0	0.489584110334111
500.0	0.49236188811188875
501.0	0.4990285547785554
502.0	0.5001396658896665
503.0	0.5001396658896665
504.0	0.4731396658896665
505.0	0.45425077700077765
506.0	0.4242507770007776
507.0	0.4531396658896665
508.0	0.45702855477855536
509.0	0.45779778554778616
510.0	0.45779778554778616
511.0	0.46904778554778614
512.0	0.46904778554778614
513.0	0.4823811188811195
514.0	0.4723811188811195
515.0	0.4673811188811195
516.0	0.4666668331668338
517.0	0.4966668331668338
518.0	0.5020203685203692
519.0	0.5017126762126769
520.0	0.4717126762126769
521.0	0.48296267621267686
522.0	0.4851848984348991
523.0	0.4729626762126769
524.0	0.4867126762126769
525.0	0.4867126762126769
526.0	0.4604626762126769
527.0	0.4604626762126769
528.0	0.4604626762126769
529.0	0.4594626762126769
530.0	0.4494626762126769
531.0	0.47869344544344605
532.0	0.48253959928959994
533.0	0.5003173770673777
534.0	0.5003173770673777
535.0	0.4988888056388063
536.0	0.46888880563880625
537.0	0.46888880563880625
538.0	0.4799999167499174
539.0	0.4999999167499174
540.0	0.5007142024642032
541.0	0.49071420246420316
542.0	0.49071420246420316
543.0	0.4864284881784889
544.0	0.4856592574092581
545.0	0.5022501665001671
546.0	0.5032501665001672
547.0	0.4963270895770902
548.0	0.4874382006882014
549.0	0.4904382006882013
550.0	0.4904382006882013
551.0	0.4904382006882013
552.0	0.4904382006882013
553.0	0.4937715340215347
554.0	0.5126604229104236
555.0	0.5121247086247093
556.0	0.5178389943389949
557.0	0.5178389943389949
558.0	0.5442026307026313
559.0	0.5434883449883455
560.0	0.539916916416917
561.0	0.5390835830835836
562.0	0.5365835830835837
563.0	0.5365835830835837
564.0	0.5365835830835837
565.0	0.534916916416917
566.0	0.5315835830835837
567.0	0.534916916416917
568.0	0.5361476856476862
569.0	0.5354333999334006
570.0	0.5357752802752809
571.0	0.5357752802752809
572.0	0.5359141691641698
573.0	0.5359141691641698
574.0	0.5273427405927412
575.0	0.5273427405927412
576.0	0.5098427405927413
577.0	0.5358427405927412
578.0	0.5358427405927412
579.0	0.5504260739260746
580.0	0.548759407259408
581.0	0.548759407259408
582.0	0.5787594072594079
583.0	0.5787594072594079
584.0	0.5787594072594079
585.0	0.5787594072594079
586.0	0.5803755688755695
587.0	0.5863279498279504
588.0	0.5596612831612838
589.0	0.5579946164946172
590.0	0.5301374736374743
591.0	0.5301374736374743
592.0	0.5309067044067052
593.0	0.5267400377400385
594.0	0.5534067044067051
595.0	0.5824067044067052
596.0	0.5874067044067052
597.0	0.5874067044067052
598.0	0.5874067044067052
599.0	0.5824067044067052
600.0	0.6046289266289273
601.0	0.620184482184483
602.0	0.6190733710733718
603.0	0.6190733710733718
604.0	0.6265733710733717
605.0	0.6265733710733717
606.0	0.6285733710733719
607.0	0.5996844821844829
608.0	0.6246844821844829
609.0	0.6539152514152521
610.0	0.6839152514152521
611.0	0.672665251415252
612.0	0.672665251415252
613.0	0.6602410089910097
614.0	0.6613521201021209
615.0	0.6613521201021209
616.0	0.6642092629592637
617.0	0.6342092629592638
618.0	0.6385148185148194
619.0	0.6390148185148193
620.0	0.6645703740703749
621.0	0.6533203740703749
622.0	0.6497092629592639
623.0	0.6497092629592639
624.0	0.6347092629592639
625.0	0.6347092629592639
626.0	0.6309592629592639
627.0	0.6317284937284947
628.0	0.6317284937284947
629.0	0.6317284937284947
630.0	0.6617284937284947
631.0	0.6317284937284947
632.0	0.6348054168054178
633.0	0.61702763902764
634.0	0.6207776390276399
635.0	0.6217776390276399
636.0	0.62302763902764
637.0	0.62302763902764
638.0	0.6151488511488521
639.0	0.6240377400377409
640.0	0.6234425019425028
641.0	0.6234425019425028
642.0	0.6234425019425028
643.0	0.6234425019425028
644.0	0.6301091686091694
645.0	0.6010182595182604
646.0	0.6000182595182604
647.0	0.5969413364413373
648.0	0.5979413364413373
649.0	0.6086913364413373
650.0	0.6109990287490297
651.0	0.6297490287490297
652.0	0.6315672105672114
653.0	0.6282338772338781
654.0	0.6103449883449893
655.0	0.5984131701631711
656.0	0.5954261571761581
657.0	0.5962594905094915
658.0	0.5945928238428249
659.0	0.5945928238428249
660.0	0.6245928238428248
661.0	0.6220928238428248
662.0	0.6220928238428248
663.0	0.6220928238428248
664.0	0.6220928238428248
665.0	0.6220928238428248
666.0	0.6220928238428248
667.0	0.6207594905094915
668.0	0.6187594905094914
669.0	0.6254261571761581
670.0	0.632315046065047
671.0	0.662315046065047
672.0	0.691065046065047
673.0	0.7177317127317138
674.0	0.7222771672771683
675.0	0.7522771672771682
676.0	0.7522771672771682
677.0	0.7222771672771683
678.0	0.7472771672771682
679.0	0.7310271672771682
680.0	0.704836691086692
681.0	0.704836691086692
682.0	0.704836691086692
683.0	0.7081700244200253
684.0	0.7081700244200253
685.0	0.7081700244200253
686.0	0.7329427516927527
687.0	0.7044262681762692
688.0	0.7010929348429359
689.0	0.7027596015096026
690.0	0.7117278554778567
691.0	0.713156426906428
692.0	0.7201649739149749
693.0	0.7201649739149749
694.0	0.7111649739149749
695.0	0.6811649739149749
696.0	0.6761649739149749
697.0	0.6770740648240658
698.0	0.6795740648240658
699.0	0.6835740648240659
700.0	0.6535740648240659
701.0	0.6313518426018436
702.0	0.6313518426018436
703.0	0.6333518426018437
704.0	0.6275185092685104
705.0	0.6308518426018437
706.0	0.6288518426018437
707.0	0.6288518426018437
708.0	0.599685175935177
709.0	0.578435175935177
710.0	0.548435175935177
711.0	0.548435175935177
712.0	0.548435175935177
713.0	0.5475260850260861
714.0	0.546414973914975
715.0	0.546414973914975
716.0	0.5443270618270629
717.0	0.574327061827063
718.0	0.5555770618270629
719.0	0.5668270618270629
720.0	0.5412715062715073
721.0	0.5422715062715073
722.0	0.5581048396048407
723.0	0.5581048396048407
724.0	0.5581048396048407
725.0	0.5818548396048407
726.0	0.5818548396048407
727.0	0.5810856088356099
728.0	0.5810856088356099
729.0	0.5810856088356099
730.0	0.5510856088356099
731.0	0.5510856088356099
732.0	0.5441625319125329
733.0	0.5474958652458664
734.0	0.5510185925185936
735.0	0.5500185925185935
736.0	0.5487685925185936
737.0	0.5514958652458664
738.0	0.5760413197913209
739.0	0.5527079864579875
740.0	0.5518746531246541
741.0	0.5518746531246541
742.0	0.552643883893885
743.0	0.5826438838938849
744.0	0.5759772172272183
745.0	0.5759772172272183
746.0	0.5976438838938849
747.0	0.6043105505605516
748.0	0.6099772172272182
749.0	0.5972272172272182
750.0	0.5949195249195259
751.0	0.5769387556887566
752.0	0.5751205738705749
753.0	0.5784539072039082
754.0	0.5774539072039082
755.0	0.6056357253857264
756.0	0.6036227383727394
757.0	0.602789405039406
758.0	0.5833449605949615
759.0	0.5833449605949615
760.0	0.5533449605949615
761.0	0.5633449605949615
762.0	0.5633449605949615
763.0	0.5793449605949615
764.0	0.5813449605949615
765.0	0.6113449605949616
766.0	0.6413449605949616
767.0	0.6393449605949616
768.0	0.6393449605949616
769.0	0.6326782939282949
770.0	0.6246782939282949
771.0	0.6146782939282949
772.0	0.5846782939282948
773.0	0.5867616272616282
774.0	0.5822161727161737
775.0	0.5822161727161737
776.0	0.6122161727161737
777.0	0.6272161727161737
778.0	0.6022161727161737
779.0	0.6059661727161737
780.0	0.6038233155733166
781.0	0.6038233155733166
782.0	0.5738233155733166
783.0	0.5704899822399832
784.0	0.5704899822399832
785.0	0.5716010933510943
786.0	0.5441010933510944
787.0	0.5499985292485302
788.0	0.5499985292485302
789.0	0.5483318625818635
790.0	0.5372207514707523
791.0	0.5374588467088476
792.0	0.5596810689310697
793.0	0.5596810689310697
794.0	0.5686810689310697
795.0	0.5686810689310697
796.0	0.5686810689310697
797.0	0.5677719780219789
798.0	0.5652719780219788
799.0	0.5612719780219788
800.0	0.5612719780219788
801.0	0.5612719780219788
802.0	0.5612719780219788
803.0	0.5592719780219788
804.0	0.5576053113553122
805.0	0.5542719780219788
806.0	0.5580219780219788
807.0	0.5580219780219788
808.0	0.5571886446886455
809.0	0.5484386446886454
810.0	0.5484386446886454
811.0	0.5498672161172169
812.0	0.5498672161172169
813.0	0.5498672161172169
814.0	0.5498672161172169
815.0	0.5498672161172169
816.0	0.5490979853479862
817.0	0.5190979853479861
818.0	0.5190979853479861
819.0	0.5053479853479861
820.0	0.5353479853479861
821.0	0.5343479853479861
822.0	0.5055979853479861
823.0	0.5055979853479861
824.0	0.5055979853479861
825.0	0.5118479853479861
826.0	0.5118479853479861
827.0	0.5118479853479861
828.0	0.5118479853479861
829.0	0.5118479853479861
830.0	0.5243479853479861
831.0	0.5243479853479861
832.0	0.5243479853479861
833.0	0.5210146520146527
834.0	0.5137419247419255
835.0	0.5437419247419255
836.0	0.5737419247419254
837.0	0.5710146520146527
838.0	0.5410146520146527
839.0	0.5343479853479861
840.0	0.5343479853479861
841.0	0.5343479853479861
842.0	0.5335787545787553
843.0	0.5035787545787553
844.0	0.5035787545787553
845.0	0.5035787545787553
846.0	0.4957582417582425
847.0	0.49052014652014736
848.0	0.4888534798534807
849.0	0.48785347985348065
850.0	0.48785347985348065
851.0	0.48708424908424985
852.0	0.48708424908424985
853.0	0.4837509157509165
854.0	0.49708424908424986
855.0	0.4670842490842499
856.0	0.46636996336996417
857.0	0.46636996336996417
858.0	0.45748107448107533
859.0	0.45748107448107533
860.0	0.45748107448107533
861.0	0.4508144078144087
862.0	0.4697032967032975
863.0	0.4537032967032975
864.0	0.4517032967032975
865.0	0.4217032967032975
866.0	0.3917032967032975
867.0	0.3926123876123884
868.0	0.3926123876123884
869.0	0.3926123876123884
870.0	0.3926123876123884
871.0	0.3726123876123884
872.0	0.401183816183817
873.0	0.372433816183817
874.0	0.37368381618381696
875.0	0.343683816183817
876.0	0.31368381618381697
877.0	0.29868381618381695
878.0	0.29868381618381695
879.0	0.32493381618381695
880.0	0.32570304695304775
881.0	0.32903638028638116
882.0	0.32903638028638116
883.0	0.32903638028638116
884.0	0.32903638028638116
885.0	0.32959193584193663
886.0	0.32959193584193663
887.0	0.3251474913974922
888.0	0.326965673215674
889.0	0.326965673215674
890.0	0.326965673215674
891.0	0.3422990065490074
892.0	0.3122990065490074
893.0	0.3135490065490074
894.0	0.2835490065490074
895.0	0.2835490065490074
896.0	0.2835490065490074
897.0	0.2835490065490074
898.0	0.2835490065490074
899.0	0.3010490065490074
900.0	0.3010490065490074
901.0	0.3010490065490074
902.0	0.3010490065490074
903.0	0.3122990065490074
904.0	0.3122990065490074
905.0	0.3152990065490074
906.0	0.32377122877122966
907.0	0.33805694305694395
908.0	0.33805694305694395
909.0	0.3395954045954055
910.0	0.3395954045954055
911.0	0.33816683316683405
912.0	0.3390001665001674
913.0	0.3390001665001674
914.0	0.3415001665001674
915.0	0.35050016650016735
916.0	0.35050016650016735
917.0	0.35050016650016735
918.0	0.37925016650016735
919.0	0.3849644522144531
920.0	0.355873543123544
921.0	0.3580957653457662
922.0	0.3724013209013218
923.0	0.3724013209013218
924.0	0.3724013209013218
925.0	0.3424013209013218
926.0	0.3424013209013218
927.0	0.3424013209013218
928.0	0.3424013209013218
929.0	0.3724013209013218
930.0	0.35990132090132176
931.0	0.3899013209013218
932.0	0.39890132090132174
933.0	0.39890132090132174
934.0	0.39890132090132174
935.0	0.36890132090132177
936.0	0.3398104118104127
937.0	0.359096126096127
938.0	0.359096126096127
939.0	0.360096126096127
940.0	0.39009612609612704
941.0	0.39009612609612704
942.0	0.394096126096127
943.0	0.394096126096127
944.0	0.394096126096127
945.0	0.424096126096127
946.0	0.4102499722499731
947.0	0.40982140082140167
948.0	0.4058214008214017
949.0	0.4058214008214017
950.0	0.4058214008214017
951.0	0.4058214008214017
952.0	0.4058214008214017
953.0	0.4358214008214017
954.0	0.42248806748806833
955.0	0.42248806748806833
956.0	0.42248806748806833
957.0	0.4283214008214017
958.0	0.4283214008214017
959.0	0.4560991785991795
960.0	0.4560991785991795
961.0	0.4536749361749371
962.0	0.4347860472860482
963.0	0.4347860472860482
964.0	0.4347860472860482
965.0	0.4347860472860482
966.0	0.4347860472860482
967.0	0.4613769563769573
968.0	0.46471028971029066
969.0	0.465543623043624
970.0	0.465543623043624
971.0	0.465543623043624
972.0	0.43697219447219543
973.0	0.46697219447219546
974.0	0.4657221944721954
975.0	0.4657221944721954
976.0	0.4657221944721954
977.0	0.4657221944721954
978.0	0.4657221944721954
979.0	0.4365555278055288
980.0	0.435786297036298
981.0	0.43245296370296465
982.0	0.43245296370296465
983.0	0.44245296370296466
984.0	0.44745296370296467
985.0	0.445786297036298
986.0	0.445786297036298
987.0	0.4435640748140758
988.0	0.441745892995894
989.0	0.446745892995894
990.0	0.446745892995894
991.0	0.42974589299589394
992.0	0.42974589299589394
993.0	0.42849589299589397
994.0	0.42849589299589397
995.0	0.42849589299589397
996.0	0.458495892995894
997.0	0.458495892995894
998.0	0.467245892995894
999.0	0.44974589299589396
